2007/01/01 9,11,27,28,38
2007/01/02 2,12,33,36,37
2007/01/03 22,23,27,29,30
2007/01/04 3,9,23,32,39
2007/01/05 9,12,13,15,26
2007/01/08 8,11,13,24,39
2007/01/09 5,8,14,17,28
2007/01/10 5,30,34,35,38
2007/01/11 7,15,18,20,37
2007/01/12 6,21,23,26,33
2007/01/15 1,13,15,20,25
2007/01/16 6,13,27,31,32
2007/01/17 11,25,26,27,30
2007/01/18 10,15,20,22,28
2007/01/19 10,11,17,21,38
2007/01/22 10,13,15,28,39
2007/01/23 7,17,24,30,39
2007/01/24 3,4,15,23,34
2007/01/25 8,10,14,21,24
2007/01/26 6,8,10,36,37
2007/01/29 3,8,11,17,38
2007/01/30 5,10,12,15,27
2007/01/31 3,4,15,29,34
2007/02/01 13,18,25,26,36
2007/02/02 6,11,12,15,35
2007/02/05 3,16,19,20,31
2007/02/06 2,13,14,29,39
2007/02/07 7,11,23,32,35
2007/02/08 5,10,31,37,39
2007/02/09 7,16,20,25,27
2007/02/12 13,15,16,23,34
2007/02/13 2,22,28,29,34
2007/02/14 1,15,20,23,28
2007/02/15 6,24,27,28,33
2007/02/16 24,28,29,32,37
2007/02/19 9,12,24,34,37
2007/02/20 4,6,17,31,36
2007/02/21 8,18,20,32,34
2007/02/22 9,17,20,21,37
2007/02/23 9,12,16,19,25
2007/02/26 6,20,23,25,28
2007/02/27 9,12,19,23,34
2007/02/28 9,11,21,22,38
2007/03/01 2,3,12,18,31
2007/03/02 7,22,23,33,37
2007/03/05 5,11,19,21,25
2007/03/06 12,16,17,19,34
2007/03/07 2,12,19,30,34
2007/03/08 7,11,20,31,34
2007/03/09 2,17,30,31,38
2007/03/12 8,15,25,27,38
2007/03/13 6,9,16,18,22
2007/03/14 6,9,16,37,39
2007/03/15 1,7,21,27,33
2007/03/16 1,2,18,26,38
2007/03/19 5,20,24,28,39
2007/03/20 2,10,14,18,22
2007/03/21 6,14,34,37,38
2007/03/22 7,25,26,34,36
2007/03/23 12,19,20,29,32
2007/03/26 26,27,32,33,36
2007/03/27 11,20,36,37,38
2007/03/28 9,25,28,34,37
2007/03/29 8,22,23,27,29
2007/03/30 6,19,22,33,37
2007/04/02 1,7,21,33,35
2007/04/03 10,11,13,29,31
2007/04/04 1,19,30,34,35
2007/04/05 7,21,22,23,36
2007/04/06 4,7,12,33,34
2007/04/09 11,30,32,34,39
2007/04/10 6,8,9,30,39
2007/04/11 25,26,31,37,39
2007/04/12 1,9,11,17,25
2007/04/13 22,24,27,32,37
2007/04/16 14,18,26,28,36
2007/04/17 2,11,24,31,32
2007/04/18 3,12,22,38,39
2007/04/19 1,14,20,22,36
2007/04/20 3,6,22,37,39
2007/04/23 2,7,10,13,30
2007/04/24 1,4,6,9,16
2007/04/25 13,15,19,29,37
2007/04/26 5,7,15,32,39
2007/04/27 8,10,21,23,39
2007/04/30 4,7,12,17,29
2007/05/01 1,10,22,34,39
2007/05/02 4,23,34,37,39
2007/05/03 1,5,18,25,37
2007/05/04 7,8,9,12,14
2007/05/07 4,9,18,27,28
2007/05/08 2,10,18,23,33
2007/05/09 3,15,30,35,36
2007/05/10 14,19,22,25,35
2007/05/11 15,18,19,21,24
2007/05/14 2,9,10,14,39
2007/05/15 5,8,11,23,38
2007/05/16 1,11,18,21,24
2007/05/17 4,5,6,13,33
2007/05/18 6,11,15,37,39
2007/05/21 8,15,20,23,25
2007/05/22 1,13,18,31,32
2007/05/23 4,8,21,29,32
2007/05/24 7,8,13,30,35
2007/05/25 4,13,19,23,35
2007/05/28 4,5,10,17,37
2007/05/29 10,14,15,29,35
2007/05/30 5,20,33,38,39
2007/05/31 21,28,33,35,38
2007/06/01 1,3,7,13,28
2007/06/04 4,7,13,32,36
2007/06/05 6,8,18,25,35
2007/06/06 7,20,21,28,33
2007/06/07 1,7,18,19,21
2007/06/08 1,7,10,16,37
2007/06/11 7,14,27,29,30
2007/06/12 5,15,23,27,34
2007/06/13 1,2,3,20,25
2007/06/14 6,10,12,26,39
2007/06/15 2,12,23,25,27
2007/06/18 2,3,5,12,16
2007/06/19 1,6,8,10,28
2007/06/20 7,11,12,23,38
2007/06/21 18,19,28,35,39
2007/06/22 9,11,20,22,25
2007/06/25 20,22,23,24,34
2007/06/26 1,4,15,25,33
2007/06/27 3,6,14,20,21
2007/06/28 1,19,22,35,36
2007/06/29 25,31,33,34,37
2007/07/02 3,13,21,28,32
2007/07/03 15,17,23,25,38
2007/07/04 10,17,18,19,29
2007/07/05 1,2,11,23,37
2007/07/06 6,31,34,35,39
2007/07/09 8,12,24,34,35
2007/07/10 1,8,12,19,29
2007/07/11 5,14,19,20,29
2007/07/12 8,13,21,27,32
2007/07/13 1,3,20,26,31
2007/07/16 15,16,22,35,39
2007/07/17 5,17,23,27,30
2007/07/18 3,21,24,33,34
2007/07/19 1,6,19,24,37
2007/07/20 17,25,34,35,38
2007/07/23 3,11,15,20,36
2007/07/24 5,12,19,28,34
2007/07/25 1,9,10,19,21
2007/07/26 7,20,24,33,34
2007/07/27 8,11,12,18,21
2007/07/30 4,8,12,15,20
2007/07/31 7,14,17,37,39
2007/08/01 4,9,28,32,36
2007/08/02 9,15,21,35,39
2007/08/03 4,8,12,13,32
2007/08/06 2,8,13,33,36
2007/08/07 9,10,23,31,36
2007/08/08 7,11,12,27,29
2007/08/09 2,9,22,24,38
2007/08/10 13,16,17,26,33
2007/08/13 1,15,24,29,31
2007/08/14 4,15,25,26,36
2007/08/15 5,12,28,30,32
2007/08/16 7,14,29,30,35
2007/08/17 5,16,23,30,35
2007/08/20 4,17,23,26,28
2007/08/21 1,7,19,26,29
2007/08/22 3,17,22,31,34
2007/08/23 4,7,16,20,28
2007/08/24 2,7,12,16,39
2007/08/27 10,12,19,23,36
2007/08/28 4,7,14,29,36
2007/08/29 15,18,25,32,34
2007/08/30 7,14,25,28,37
2007/08/31 14,20,22,27,29
2007/09/03 12,18,24,27,33
2007/09/04 5,7,18,24,35
2007/09/05 1,28,31,34,38
2007/09/06 8,19,28,31,33
2007/09/07 2,19,23,30,37
2007/09/10 13,19,28,32,37
2007/09/11 4,21,27,35,38
2007/09/12 7,10,17,23,35
2007/09/13 1,3,10,15,26
2007/09/14 11,23,24,36,39
2007/09/17 16,24,25,26,30
2007/09/18 1,11,13,24,27
2007/09/19 4,6,17,24,37
2007/09/20 7,13,20,25,26
2007/09/21 12,17,24,34,38
2007/09/24 2,3,31,36,37
2007/09/25 1,17,19,27,36
2007/09/26 8,31,32,33,37
2007/09/27 6,11,12,16,33
2007/09/28 4,9,17,26,37
2007/10/01 2,28,31,33,35
2007/10/02 1,8,22,23,26
2007/10/03 1,5,8,12,24
2007/10/04 2,6,24,35,36
2007/10/05 8,11,25,34,39
2007/10/08 14,16,19,21,34
2007/10/09 5,7,12,22,26
2007/10/10 1,8,22,24,27
2007/10/11 4,18,23,26,36
2007/10/12 1,12,13,17,23
2007/10/15 9,10,17,18,31
2007/10/16 11,15,20,22,34
2007/10/17 3,7,18,19,23
2007/10/18 11,13,21,22,31
2007/10/19 7,22,27,29,32
2007/10/22 1,13,18,23,33
2007/10/23 3,4,9,22,39
2007/10/24 1,3,17,29,31
2007/10/25 9,11,16,20,31
2007/10/26 17,19,23,29,37
2007/10/29 3,4,17,32,39
2007/10/30 3,4,6,22,27
2007/10/31 15,23,28,35,36
2007/11/01 9,12,14,22,30
2007/11/02 1,4,5,30,31
2007/11/05 12,26,28,31,38
2007/11/06 9,26,32,33,37
2007/11/07 6,12,20,21,30
2007/11/08 23,24,25,29,36
2007/11/09 2,12,18,28,36
2007/11/12 30,33,34,36,37
2007/11/13 5,6,16,18,29
2007/11/14 2,9,24,31,39
2007/11/15 6,21,29,35,37
2007/11/16 1,5,10,19,32
2007/11/19 10,17,19,20,25
2007/11/20 7,25,32,34,36
2007/11/21 6,10,17,20,38
2007/11/22 4,12,15,30,38
2007/11/23 7,13,16,24,31
2007/11/26 5,12,19,29,30
2007/11/27 5,11,12,19,34
2007/11/28 1,6,11,14,28
2007/11/29 12,15,24,29,38
2007/11/30 3,9,27,32,35
2007/12/03 3,11,24,28,31
2007/12/04 11,15,32,36,39
2007/12/05 3,8,9,11,36
2007/12/06 11,14,29,32,39
2007/12/07 15,16,22,24,28
2007/12/10 2,7,18,19,38
2007/12/11 15,20,21,24,35
2007/12/12 10,19,27,36,38
2007/12/13 7,13,22,26,32
2007/12/14 2,14,15,28,37
2007/12/17 2,8,13,24,26
2007/12/18 7,21,24,30,36
2007/12/19 6,7,13,27,39
2007/12/20 13,16,24,29,30
2007/12/21 1,2,30,37,38
2007/12/24 19,31,34,36,37
2007/12/25 2,4,13,22,28
2007/12/26 1,11,18,20,33
2007/12/27 1,3,4,19,26
2007/12/28 1,2,14,22,30
2007/12/31 11,12,20,25,37
2008/01/01 11,26,31,35,37
2008/01/02 2,9,10,24,30
2008/01/03 18,28,32,33,38
2008/01/04 7,17,20,28,36
2008/01/07 2,11,18,19,21
2008/01/08 1,12,19,20,35
2008/01/09 4,9,16,19,29
2008/01/10 1,8,11,22,39
2008/01/11 4,8,27,30,32
2008/01/14 4,19,34,35,38
2008/01/15 5,11,16,21,26
2008/01/16 9,10,11,23,30
2008/01/17 2,20,35,37,38
2008/01/18 5,15,31,32,36
2008/01/21 1,11,23,26,29
2008/01/22 1,4,7,17,23
2008/01/23 1,3,4,11,28
2008/01/24 1,8,12,26,37
2008/01/25 2,8,15,17,20
2008/01/28 2,13,28,32,36
2008/01/29 1,4,9,10,29
2008/01/30 1,16,17,28,37
2008/01/31 1,2,17,24,35
2008/02/01 3,10,23,34,37
2008/02/04 3,12,23,26,34
2008/02/05 1,4,10,18,31
2008/02/06 4,17,18,29,33
2008/02/07 6,30,32,33,34
2008/02/08 3,10,11,34,38
2008/02/11 13,18,25,37,38
2008/02/12 1,10,12,28,38
2008/02/13 14,28,34,36,37
2008/02/14 3,4,10,36,39
2008/02/15 1,24,26,27,39
2008/02/18 5,14,17,18,21
2008/02/19 11,16,24,30,35
2008/02/20 11,20,27,30,33
2008/02/21 6,10,22,31,37
2008/02/22 9,22,23,26,32
2008/02/25 1,4,18,23,31
2008/02/26 28,30,32,36,37
2008/02/27 1,6,33,34,35
2008/02/28 1,3,9,20,22
2008/02/29 8,25,27,34,38
2008/03/03 4,5,10,13,22
2008/03/04 5,11,12,19,21
2008/03/05 2,10,13,14,15
2008/03/06 3,9,15,17,21
2008/03/07 6,7,15,36,39
2008/03/10 13,16,17,29,31
2008/03/11 4,10,16,17,22
2008/03/12 9,24,27,36,37
2008/03/13 1,11,19,21,33
2008/03/14 2,6,16,26,28
2008/03/17 2,11,16,20,37
2008/03/18 10,16,20,31,32
2008/03/19 1,14,19,21,33
2008/03/20 3,6,20,22,29
2008/03/21 4,10,19,20,30
2008/03/24 2,5,26,29,30
2008/03/25 1,3,8,30,36
2008/03/26 9,12,13,15,31
2008/03/27 14,20,26,29,37
2008/03/28 7,14,31,35,39
2008/03/31 9,16,30,32,38
2008/04/01 6,12,16,18,35
2008/04/02 4,10,14,24,26
2008/04/03 2,18,21,24,36
2008/04/04 10,17,21,32,35
2008/04/07 6,7,16,22,24
2008/04/08 7,10,15,37,38
2008/04/09 9,13,15,21,28
2008/04/10 5,8,9,17,24
2008/04/11 5,16,30,34,37
2008/04/14 2,10,17,18,21
2008/04/15 6,18,25,26,31
2008/04/16 7,18,20,22,33
2008/04/17 5,19,22,28,29
2008/04/18 11,12,20,32,35
2008/04/21 8,15,22,24,33
2008/04/22 3,10,12,19,24
2008/04/23 4,5,7,9,21
2008/04/24 3,14,25,33,38
2008/04/25 4,7,11,19,24
2008/04/28 2,15,17,19,21
2008/04/29 4,7,8,11,29
2008/04/30 10,25,27,30,39
2008/05/01 5,17,20,25,34
2008/05/02 1,13,15,16,30
2008/05/05 16,19,27,29,33
2008/05/06 8,16,17,33,38
2008/05/07 4,18,19,27,35
2008/05/08 23,27,33,35,39
2008/05/09 5,24,26,32,34
2008/05/12 5,9,18,31,35
2008/05/13 6,21,29,31,36
2008/05/14 4,28,31,36,37
2008/05/15 11,18,21,27,38
2008/05/16 13,18,20,21,23
2008/05/19 10,11,28,31,34
2008/05/20 4,18,24,28,38
2008/05/21 8,12,20,34,35
2008/05/22 11,21,25,31,38
2008/05/23 8,11,33,34,35
2008/05/26 2,3,17,23,30
2008/05/27 30,31,32,33,38
2008/05/28 1,3,30,31,39
2008/05/29 6,14,21,23,34
2008/05/30 16,23,25,30,33
2008/06/02 2,6,8,29,32
2008/06/03 6,9,19,33,35
2008/06/04 19,20,27,29,33
2008/06/05 4,17,23,27,29
2008/06/06 7,11,20,28,31
2008/06/09 7,16,20,27,35
2008/06/10 3,9,25,26,35
2008/06/11 7,11,14,19,20
2008/06/12 12,17,29,35,39
2008/06/13 1,4,9,33,38
2008/06/16 21,25,28,30,33
2008/06/17 1,4,10,16,37
2008/06/18 5,16,18,19,30
2008/06/19 4,6,11,18,29
2008/06/20 5,6,12,17,23
2008/06/23 14,17,18,24,29
2008/06/24 5,7,13,27,35
2008/06/25 6,7,18,28,34
2008/06/26 1,9,17,22,24
2008/06/27 6,12,19,22,34
2008/06/30 5,20,31,36,37
2008/07/01 6,9,10,35,36
2008/07/02 10,14,27,33,39
2008/07/03 1,4,16,18,37
2008/07/04 20,25,31,33,39
2008/07/07 9,16,20,37,38
2008/07/08 3,5,8,20,23
2008/07/09 1,11,17,21,34
2008/07/10 13,16,22,26,34
2008/07/11 5,10,12,30,34
2008/07/14 2,9,32,33,37
2008/07/15 2,20,25,27,28
2008/07/16 3,8,16,17,30
2008/07/17 2,8,20,25,27
2008/07/18 9,13,19,23,39
2008/07/21 5,10,17,19,23
2008/07/22 5,6,19,21,28
2008/07/23 4,18,22,26,30
2008/07/24 1,8,11,13,38
2008/07/25 8,17,26,28,32
2008/07/28 15,22,24,26,36
2008/07/29 6,12,13,32,38
2008/07/30 6,10,17,28,34
2008/07/31 3,20,24,31,39
2008/08/01 1,10,23,29,36
2008/08/04 9,11,14,17,25
2008/08/05 3,10,13,20,33
2008/08/06 22,27,30,33,38
2008/08/07 8,11,15,25,26
2008/08/08 1,6,14,17,31
2008/08/11 4,6,10,14,36
2008/08/12 3,5,9,28,33
2008/08/13 3,8,29,32,34
2008/08/14 18,22,25,28,39
2008/08/15 4,7,23,34,38
2008/08/18 2,4,23,27,32
2008/08/19 8,14,20,31,37
2008/08/20 17,30,31,35,37
2008/08/21 12,13,23,28,37
2008/08/22 1,3,9,10,20
2008/08/25 11,20,21,24,35
2008/08/26 4,6,11,28,30
2008/08/27 1,2,13,18,38
2008/08/28 1,16,31,33,37
2008/08/29 11,14,21,28,38
2008/09/01 15,26,27,28,37
2008/09/02 4,6,20,21,35
2008/09/03 1,5,28,32,33
2008/09/04 3,13,30,37,39
2008/09/05 4,15,20,31,34
2008/09/08 1,10,18,31,37
2008/09/09 8,24,28,38,39
2008/09/10 2,16,28,32,33
2008/09/11 10,12,29,34,35
2008/09/12 3,6,10,12,26
2008/09/15 2,11,16,26,37
2008/09/16 4,10,14,17,25
2008/09/17 8,16,33,36,37
2008/09/18 15,25,27,34,35
2008/09/19 2,13,17,23,27
2008/09/22 10,15,16,25,33
2008/09/23 9,24,25,30,34
2008/09/24 6,18,19,27,30
2008/09/25 1,13,16,23,32
2008/09/26 5,12,27,34,39
2008/09/29 4,13,19,22,37
2008/09/30 2,3,15,19,32
2008/10/01 13,15,23,25,34
2008/10/02 3,4,12,19,35
2008/10/03 7,21,23,27,36
2008/10/06 5,12,16,24,32
2008/10/07 10,18,19,23,30
2008/10/08 2,15,32,34,37
2008/10/09 1,4,19,20,37
2008/10/10 1,6,8,25,36
2008/10/13 6,10,11,13,14
2008/10/14 2,14,15,35,38
2008/10/15 3,4,8,23,26
2008/10/16 10,14,23,32,38
2008/10/17 3,4,6,30,38
2008/10/20 3,4,5,24,31
2008/10/21 8,14,21,25,28
2008/10/22 9,11,16,21,33
2008/10/23 8,34,36,37,39
2008/10/24 5,21,24,32,38
2008/10/27 3,18,31,32,33
2008/10/28 3,4,15,28,38
2008/10/29 17,18,19,26,30
2008/10/30 5,9,17,26,32
2008/10/31 5,29,31,35,38
2008/11/03 11,23,27,33,36
2008/11/04 5,9,10,15,25
2008/11/05 1,24,31,34,37
2008/11/06 1,8,12,13,35
2008/11/07 3,5,7,22,28
2008/11/10 4,19,26,30,31
2008/11/11 8,23,32,33,39
2008/11/12 5,11,24,28,31
2008/11/13 8,23,25,26,34
2008/11/14 4,5,12,13,29
2008/11/17 17,19,30,31,36
2008/11/18 7,8,18,22,24
2008/11/19 29,30,31,33,34
2008/11/20 2,21,28,38,39
2008/11/21 5,10,14,23,27
2008/11/24 1,2,24,25,34
2008/11/25 5,12,15,18,29
2008/11/26 4,18,24,26,30
2008/11/27 8,14,21,28,36
2008/11/28 14,15,16,18,39
2008/12/01 5,7,10,19,36
2008/12/02 6,9,15,17,31
2008/12/03 8,9,19,28,32
2008/12/04 17,19,21,38,39
2008/12/05 5,7,31,36,38
2008/12/08 13,27,35,37,38
2008/12/09 2,26,28,31,35
2008/12/10 14,20,22,27,30
2008/12/11 1,4,10,14,17
2008/12/12 10,14,23,25,32
2008/12/15 2,5,33,36,39
2008/12/16 12,16,18,25,28
2008/12/17 5,8,11,14,22
2008/12/18 14,16,28,35,37
2008/12/19 8,12,18,24,28
2008/12/22 5,6,20,31,37
2008/12/23 3,11,20,25,37
2008/12/24 2,15,25,36,37
2008/12/25 8,18,32,37,38
2008/12/26 11,12,25,26,35
2008/12/29 9,20,22,34,36
2008/12/30 3,8,13,19,37
2008/12/31 8,12,36,37,39
2009/01/01 6,11,14,17,32
2009/01/02 12,20,30,38,39
2009/01/05 2,3,21,24,29
2009/01/06 2,9,10,11,37
2009/01/07 12,20,26,33,39
2009/01/08 27,28,32,34,35
2009/01/09 1,7,11,15,30
2009/01/12 10,15,20,22,36
2009/01/13 2,11,21,30,34
2009/01/14 4,14,25,34,38
2009/01/15 14,17,29,35,36
2009/01/16 8,9,25,28,35
2009/01/19 3,18,24,31,36
2009/01/20 5,8,26,32,38
2009/01/21 2,3,9,24,35
2009/01/22 4,5,21,25,35
2009/01/23 2,14,21,33,39
2009/01/26 2,7,14,31,39
2009/01/27 2,6,9,21,36
2009/01/28 5,8,9,26,29
2009/01/29 4,9,16,26,31
2009/01/30 16,19,30,31,38
2009/02/02 8,18,23,27,37
2009/02/03 5,18,30,31,39
2009/02/04 5,19,22,30,33
2009/02/05 4,7,16,19,25
2009/02/06 7,12,20,37,39
2009/02/09 6,12,15,21,23
2009/02/10 20,21,24,26,30
2009/02/11 5,17,18,23,37
2009/02/12 5,6,24,32,36
2009/02/13 4,5,29,32,38
2009/02/16 3,6,23,24,35
2009/02/17 1,9,18,25,36
2009/02/18 1,10,19,22,34
2009/02/19 7,9,15,23,31
2009/02/20 2,5,19,22,24
2009/02/23 15,22,32,33,39
2009/02/24 3,6,11,20,30
2009/02/25 16,22,24,28,36
2009/02/26 2,5,6,27,35
2009/02/27 1,9,13,18,25
2009/03/02 3,15,24,30,33
2009/03/03 1,11,19,21,22
2009/03/04 5,10,29,30,36
2009/03/05 1,25,29,31,38
2009/03/06 6,8,9,19,38
2009/03/09 10,21,24,33,36
2009/03/10 4,7,9,34,38
2009/03/11 12,19,32,36,39
2009/03/12 12,31,32,36,37
2009/03/13 3,4,13,25,36
2009/03/16 1,4,11,29,38
2009/03/17 5,7,13,35,37
2009/03/18 4,27,32,35,38
2009/03/19 2,30,31,33,39
2009/03/20 9,17,33,34,36
2009/03/23 5,22,24,27,28
2009/03/24 5,17,21,31,38
2009/03/25 14,15,17,30,32
2009/03/26 1,13,16,28,29
2009/03/27 3,9,12,24,39
2009/03/30 8,15,25,26,28
2009/03/31 20,21,25,31,34
2009/04/01 11,16,22,31,36
2009/04/02 13,16,23,29,31
2009/04/03 12,14,19,37,39
2009/04/06 16,20,35,36,39
2009/04/07 2,4,10,24,39
2009/04/08 3,8,10,26,33
2009/04/09 5,8,18,26,36
2009/04/10 1,2,3,23,32
2009/04/13 3,6,17,30,38
2009/04/14 3,5,21,29,30
2009/04/15 3,23,29,35,38
2009/04/16 4,11,15,25,30
2009/04/17 7,8,32,33,39
2009/04/20 1,3,29,37,39
2009/04/21 11,16,20,27,28
2009/04/22 2,17,20,36,38
2009/04/23 1,2,21,30,31
2009/04/24 11,20,28,36,38
2009/04/27 3,9,16,23,29
2009/04/28 2,7,35,36,38
2009/04/29 1,7,13,19,20
2009/04/30 15,16,22,27,37
2009/05/01 12,13,29,31,36
2009/05/04 12,15,16,29,33
2009/05/05 6,22,28,34,37
2009/05/06 5,7,16,35,39
2009/05/07 19,20,21,26,30
2009/05/08 1,14,22,33,34
2009/05/11 1,10,16,24,39
2009/05/12 1,9,11,31,34
2009/05/13 11,16,20,30,37
2009/05/14 9,10,20,33,37
2009/05/15 24,25,26,37,39
2009/05/18 3,12,13,36,38
2009/05/19 3,9,11,29,31
2009/05/20 9,15,18,22,23
2009/05/21 2,13,20,32,39
2009/05/22 3,11,12,27,34
2009/05/25 1,27,30,33,39
2009/05/26 1,7,16,34,36
2009/05/27 14,17,21,26,32
2009/05/28 9,11,30,34,38
2009/05/29 5,6,9,25,38
2009/06/01 1,20,21,29,31
2009/06/02 1,4,6,12,18
2009/06/03 8,10,20,24,37
2009/06/04 15,19,25,28,36
2009/06/05 2,12,14,15,38
2009/06/08 9,13,22,27,33
2009/06/09 6,23,31,34,38
2009/06/10 12,24,27,31,35
2009/06/11 14,15,19,25,33
2009/06/12 4,19,33,34,35
2009/06/15 7,13,18,21,27
2009/06/16 4,6,15,19,20
2009/06/17 7,12,16,27,36
2009/06/18 1,11,19,24,29
2009/06/19 6,12,18,21,37
2009/06/22 10,17,21,25,34
2009/06/23 17,20,21,31,32
2009/06/24 16,21,22,34,38
2009/06/25 2,10,19,28,38
2009/06/26 13,15,20,27,39
2009/06/29 3,7,9,15,24
2009/06/30 1,11,21,29,31
2009/07/01 9,11,25,32,33
2009/07/02 4,10,25,30,31
2009/07/03 2,4,14,29,35
2009/07/06 3,6,7,13,23
2009/07/07 1,22,27,30,36
2009/07/08 12,13,22,24,33
2009/07/09 6,17,21,35,37
2009/07/10 3,15,25,26,31
2009/07/13 14,16,31,36,37
2009/07/14 3,4,7,15,23
2009/07/15 2,5,27,36,37
2009/07/16 2,10,21,37,39
2009/07/17 1,3,6,15,33
2009/07/20 4,8,9,17,38
2009/07/21 3,17,24,25,32
2009/07/22 3,6,10,13,22
2009/07/23 1,3,24,32,39
2009/07/24 14,28,30,33,34
2009/07/27 5,8,36,37,38
2009/07/28 3,13,19,21,37
2009/07/29 2,15,23,24,33
2009/07/30 3,9,18,34,38
2009/07/31 13,14,16,17,32
2009/08/03 1,6,20,23,26
2009/08/04 10,12,14,18,34
2009/08/05 2,10,25,29,37
2009/08/06 16,17,28,32,33
2009/08/07 1,8,14,25,37
2009/08/10 3,12,19,23,39
2009/08/11 5,18,22,23,32
2009/08/12 5,8,17,32,37
2009/08/13 8,11,15,17,31
2009/08/14 8,25,28,30,37
2009/08/17 1,10,25,34,38
2009/08/18 6,7,15,17,26
2009/08/19 6,14,20,35,36
2009/08/20 9,12,14,16,34
2009/08/21 17,23,26,28,31
2009/08/24 1,18,22,27,39
2009/08/25 7,14,17,29,37
2009/08/26 7,10,17,19,26
2009/08/27 24,26,28,29,37
2009/08/28 9,16,21,24,29
2009/08/31 1,5,16,20,38
2009/09/01 2,15,22,32,35
2009/09/02 2,4,7,34,38
2009/09/03 10,17,23,26,39
2009/09/04 9,17,27,32,38
2009/09/07 9,11,22,27,29
2009/09/08 1,11,26,27,31
2009/09/09 1,22,26,29,31
2009/09/10 13,15,16,18,26
2009/09/11 16,25,26,32,33
2009/09/14 8,13,14,26,27
2009/09/15 6,14,27,30,31
2009/09/16 8,23,27,28,38
2009/09/17 7,19,23,30,39
2009/09/18 11,12,15,22,38
2009/09/21 4,14,24,27,34
2009/09/22 9,14,18,27,32
2009/09/23 3,9,13,37,38
2009/09/24 2,9,10,21,37
2009/09/25 3,5,14,16,20
2009/09/28 6,26,31,32,33
2009/09/29 11,24,31,32,34
2009/09/30 5,7,11,16,23
2009/10/01 7,14,24,31,35
2009/10/02 14,24,26,31,36
2009/10/05 18,20,23,24,30
2009/10/06 15,18,22,25,29
2009/10/07 3,5,8,9,35
2009/10/08 2,26,31,33,34
2009/10/09 1,8,28,35,38
2009/10/12 2,9,17,27,29
2009/10/13 6,13,24,26,31
2009/10/14 3,9,10,23,26
2009/10/15 7,13,18,28,38
2009/10/16 2,11,16,19,23
2009/10/19 12,20,23,34,36
2009/10/20 10,11,15,17,30
2009/10/21 15,21,23,36,39
2009/10/22 7,10,24,31,32
2009/10/23 2,15,21,23,37
2009/10/26 6,17,23,29,37
2009/10/27 6,19,22,25,29
2009/10/28 1,13,18,27,34
2009/10/29 3,6,15,17,26
2009/10/30 5,14,22,37,38
2009/11/02 3,4,17,23,26
2009/11/03 7,30,32,35,39
2009/11/04 2,9,10,27,35
2009/11/05 5,11,15,26,39
2009/11/06 8,10,20,21,35
2009/11/09 6,17,18,31,37
2009/11/10 8,12,26,27,30
2009/11/11 13,28,33,37,39
2009/11/12 12,22,26,28,38
2009/11/13 1,5,28,31,34
2009/11/16 11,16,34,35,36
2009/11/17 2,6,19,28,32
2009/11/18 5,14,15,26,37
2009/11/19 22,23,25,31,34
2009/11/20 5,10,17,28,38
2009/11/23 5,25,27,32,39
2009/11/24 3,10,17,18,23
2009/11/25 6,10,11,18,37
2009/11/26 9,14,27,28,38
2009/11/27 7,15,24,31,38
2009/11/30 10,13,22,29,30
2009/12/01 2,7,8,25,29
2009/12/02 14,25,33,36,38
2009/12/03 4,8,18,21,23
2009/12/04 14,15,17,34,37
2009/12/07 9,10,25,31,33
2009/12/08 1,5,11,15,35
2009/12/09 7,16,29,35,37
2009/12/10 7,14,15,24,28
2009/12/11 6,9,26,27,29
2009/12/14 6,10,16,27,28
2009/12/15 19,25,26,30,35
2009/12/16 10,19,30,37,39
2009/12/17 4,15,21,37,39
2009/12/18 5,20,21,25,37
2009/12/21 18,22,26,29,32
2009/12/22 2,5,7,10,17
2009/12/23 2,8,15,30,35
2009/12/24 2,11,19,20,36
2009/12/25 2,15,17,19,28
2009/12/28 3,5,10,13,29
2009/12/29 5,18,27,28,35
2009/12/30 7,12,13,31,34
2009/12/31 6,7,21,31,39
2010/01/01 3,4,5,23,27
2010/01/04 4,14,19,27,31
2010/01/05 3,5,15,27,35
2010/01/06 11,25,28,37,39
2010/01/07 6,24,26,30,34
2010/01/08 11,16,17,18,30
2010/01/11 17,19,24,27,29
2010/01/12 1,19,27,30,37
2010/01/13 8,16,33,36,39
2010/01/14 12,16,28,32,33
2010/01/15 13,29,31,32,38
2010/01/18 5,14,33,36,38
2010/01/19 10,11,23,25,32
2010/01/20 14,19,28,33,39
2010/01/21 7,11,18,29,37
2010/01/22 1,12,18,25,35
2010/01/25 12,19,22,23,31
2010/01/26 2,5,6,9,23
2010/01/27 7,8,14,25,38
2010/01/28 1,3,11,32,36
2010/01/29 11,15,17,22,30
2010/02/01 2,7,22,30,35
2010/02/02 5,16,20,37,38
2010/02/03 3,15,32,35,38
2010/02/04 2,4,11,16,25
2010/02/05 1,5,15,21,25
2010/02/08 13,27,31,35,39
2010/02/09 4,6,24,26,32
2010/02/10 7,13,19,36,38
2010/02/11 6,9,23,27,31
2010/02/12 11,21,23,26,38
2010/02/15 1,2,9,11,28
2010/02/16 18,19,27,35,39
2010/02/17 4,7,8,28,34
2010/02/18 9,11,24,26,39
2010/02/19 6,21,22,24,32
2010/02/22 2,9,15,22,26
2010/02/23 9,20,27,33,36
2010/02/24 5,16,17,28,39
2010/02/25 4,9,13,27,37
2010/02/26 9,18,19,25,32
2010/03/01 3,6,10,25,34
2010/03/02 7,8,20,25,29
2010/03/03 4,7,15,26,33
2010/03/04 2,5,10,21,34
2010/03/05 11,14,20,35,39
2010/03/08 7,11,19,21,27
2010/03/09 5,11,12,14,28
2010/03/10 2,7,16,30,39
2010/03/11 1,3,17,30,38
2010/03/12 1,10,19,22,28
2010/03/15 4,10,18,22,25
2010/03/16 4,6,10,33,37
2010/03/17 3,28,33,34,38
2010/03/18 3,6,24,25,37
2010/03/19 8,14,28,29,35
2010/03/22 2,23,25,29,32
2010/03/23 9,18,26,32,34
2010/03/24 30,31,32,34,35
2010/03/25 9,13,26,34,39
2010/03/26 9,10,12,22,37
2010/03/29 10,12,14,18,34
2010/03/30 16,21,25,31,33
2010/03/31 1,9,12,19,28
2010/04/01 2,17,35,37,38
2010/04/02 7,20,23,31,39
2010/04/05 7,17,18,35,37
2010/04/06 25,28,29,36,37
2010/04/07 4,16,29,32,36
2010/04/08 8,10,15,17,26
2010/04/09 5,14,18,23,36
2010/04/12 12,15,24,30,35
2010/04/13 9,12,21,22,27
2010/04/14 5,12,15,35,36
2010/04/15 1,4,11,18,23
2010/04/16 1,5,20,24,37
2010/04/19 3,15,19,26,27
2010/04/20 4,6,10,28,32
2010/04/21 2,3,12,21,25
2010/04/22 3,4,5,6,9
2010/04/23 8,15,27,35,36
2010/04/26 12,22,27,31,39
2010/04/27 1,13,19,29,33
2010/04/28 5,6,13,37,38
2010/04/29 14,15,27,31,35
2010/04/30 15,17,21,28,31
2010/05/03 5,10,16,19,38
2010/05/04 16,22,26,32,36
2010/05/05 1,14,19,30,34
2010/05/06 3,8,13,23,27
2010/05/07 8,9,21,29,30
2010/05/10 14,17,24,29,33
2010/05/11 4,10,12,25,37
2010/05/12 8,13,28,30,36
2010/05/13 9,11,22,26,30
2010/05/14 2,6,8,15,22
2010/05/17 2,12,18,33,38
2010/05/18 13,21,22,33,37
2010/05/19 1,11,13,20,37
2010/05/20 7,13,15,27,39
2010/05/21 5,21,28,35,38
2010/05/24 10,26,27,35,36
2010/05/25 5,6,7,10,14
2010/05/26 4,14,17,37,39
2010/05/27 2,21,32,33,34
2010/05/28 17,22,25,33,39
2010/05/31 9,12,15,31,39
2010/06/01 2,7,23,24,34
2010/06/02 13,17,19,35,39
2010/06/03 9,21,33,35,37
2010/06/04 15,16,25,30,38
2010/06/07 10,21,22,32,35
2010/06/08 2,9,26,30,32
2010/06/09 3,4,13,25,28
2010/06/10 7,12,17,30,37
2010/06/11 13,18,28,33,36
2010/06/15 17,18,22,31,37
2010/06/15 1,14,21,28,38
2010/06/16 9,17,19,26,39
2010/06/17 1,2,9,18,35
2010/06/18 3,20,29,33,39
2010/06/21 1,16,17,23,31
2010/06/22 22,24,27,28,31
2010/06/23 2,10,29,36,39
2010/06/24 5,6,11,14,22
2010/06/25 2,5,21,24,34
2010/06/28 13,22,23,27,34
2010/06/29 1,2,4,35,37
2010/06/30 1,12,34,38,39
2010/07/01 10,19,20,23,29
2010/07/02 2,4,28,29,30
2010/07/05 12,15,28,29,37
2010/07/06 4,10,23,25,27
2010/07/07 6,16,28,31,35
2010/07/08 5,17,20,34,37
2010/07/09 3,13,35,36,37
2010/07/12 3,4,11,33,39
2010/07/13 10,11,25,28,38
2010/07/14 5,19,21,23,33
2010/07/15 5,7,20,25,36
2010/07/16 14,15,28,34,38
2010/07/19 3,6,19,23,25
2010/07/20 4,8,11,25,33
2010/07/21 15,16,26,29,30
2010/07/22 8,11,34,35,36
2010/07/23 1,14,21,22,39
2010/07/26 12,15,21,34,39
2010/07/27 13,22,24,25,28
2010/07/28 1,7,14,22,23
2010/07/29 14,25,26,30,35
2010/07/30 7,9,14,24,28
2010/08/02 2,7,29,32,33
2010/08/03 7,14,27,32,33
2010/08/04 14,16,21,31,33
2010/08/05 17,26,34,36,38
2010/08/06 3,15,27,29,35
2010/08/09 9,12,19,26,32
2010/08/10 4,17,21,24,32
2010/08/11 6,18,34,38,39
2010/08/12 8,25,27,35,39
2010/08/13 23,26,28,30,32
2010/08/16 3,4,12,13,35
2010/08/17 2,5,11,17,36
2010/08/18 7,19,27,28,29
2010/08/19 9,22,26,28,31
2010/08/20 2,6,12,21,28
2010/08/23 5,6,15,36,38
2010/08/24 3,4,8,15,34
2010/08/25 1,7,11,31,34
2010/08/26 5,13,30,37,38
2010/08/27 2,6,12,23,33
2010/08/30 4,12,20,34,35
2010/08/31 8,10,28,33,34
2010/09/01 7,16,18,34,39
2010/09/02 8,23,25,28,38
2010/09/03 6,11,13,22,36
2010/09/06 16,18,35,36,39
2010/09/07 1,11,12,28,32
2010/09/08 3,14,29,33,38
2010/09/09 5,12,14,18,34
2010/09/10 5,13,15,23,31
2010/09/13 3,6,15,24,31
2010/09/14 5,9,24,32,36
2010/09/15 3,11,21,29,39
2010/09/16 3,6,12,14,21
2010/09/17 2,5,9,25,35
2010/09/20 3,8,9,15,28
2010/09/21 2,8,12,30,34
2010/09/22 8,18,23,33,36
2010/09/23 15,28,30,31,36
2010/09/24 2,9,13,21,33
2010/09/27 4,25,30,33,39
2010/09/28 14,26,31,35,37
2010/09/29 2,14,24,34,37
2010/09/30 5,14,16,24,34
2010/10/01 13,24,27,28,35
2010/10/04 9,13,20,34,35
2010/10/05 14,18,23,28,33
2010/10/06 14,16,20,22,29
2010/10/07 2,19,32,33,39
2010/10/08 4,16,18,29,31
2010/10/11 1,6,7,24,35
2010/10/12 1,8,9,23,39
2010/10/13 9,11,21,24,30
2010/10/14 5,17,27,28,29
2010/10/15 1,4,12,24,25
2010/10/18 5,12,27,30,32
2010/10/19 21,23,27,30,36
2010/10/20 9,11,15,29,37
2010/10/21 15,17,18,23,27
2010/10/22 1,3,11,19,32
2010/10/25 2,5,6,30,36
2010/10/26 8,11,12,15,18
2010/10/27 2,7,15,27,35
2010/10/28 1,6,12,33,37
2010/10/29 2,7,11,17,38
2010/11/01 9,15,16,21,29
2010/11/02 4,6,13,19,20
2010/11/03 24,30,31,32,33
2010/11/04 1,8,21,26,39
2010/11/05 1,4,5,24,37
2010/11/08 4,8,12,15,38
2010/11/09 4,14,19,31,38
2010/11/10 7,25,28,33,36
2010/11/11 5,9,24,34,36
2010/11/12 6,8,16,21,23
2010/11/15 5,6,22,32,39
2010/11/16 6,14,24,26,29
2010/11/17 13,15,20,28,36
2010/11/18 1,7,18,30,31
2010/11/19 7,9,13,20,24
2010/11/22 4,8,25,35,36
2010/11/23 1,27,33,38,39
2010/11/24 1,10,16,24,25
2010/11/25 3,12,13,19,39
2010/11/26 4,9,17,18,20
2010/11/29 3,15,19,31,35
2010/11/30 4,12,14,19,32
2010/12/01 3,18,22,23,33
2010/12/02 13,16,18,29,30
2010/12/03 3,16,31,32,35
2010/12/06 7,16,18,20,34
2010/12/07 3,12,25,28,33
2010/12/08 1,17,20,28,36
2010/12/09 12,13,29,33,34
2010/12/10 14,15,25,30,35
2010/12/13 15,20,27,37,38
2010/12/14 1,11,24,25,30
2010/12/15 5,9,20,28,32
2010/12/16 2,21,22,37,38
2010/12/17 5,9,12,16,29
2010/12/20 19,21,22,28,36
2010/12/21 8,20,21,34,39
2010/12/22 1,6,12,17,33
2010/12/23 2,6,8,9,11
2010/12/24 10,12,16,34,38
2010/12/27 3,15,24,26,34
2010/12/28 11,19,22,28,38
2010/12/29 6,20,23,26,35
2010/12/30 8,12,23,28,29
2010/12/31 22,25,30,32,34
2011/01/01 2,13,24,25,36
2011/01/03 11,13,20,25,35
2011/01/04 6,8,10,16,36
2011/01/05 5,17,26,29,32
2011/01/06 7,28,31,32,36
2011/01/07 10,11,18,34,38
2011/01/08 3,10,14,18,35
2011/01/10 4,10,20,32,39
2011/01/11 3,9,13,25,37
2011/01/12 1,2,4,21,32
2011/01/13 5,14,23,31,32
2011/01/14 8,14,27,28,36
2011/01/15 7,8,18,30,36
2011/01/17 2,5,17,28,36
2011/01/18 3,5,11,22,37
2011/01/19 18,20,22,29,33
2011/01/20 4,15,26,28,31
2011/01/21 18,23,31,36,39
2011/01/22 3,20,23,24,37
2011/01/24 4,6,10,19,25
2011/01/25 14,15,18,21,29
2011/01/26 7,12,19,25,35
2011/01/27 5,14,18,20,37
2011/01/28 15,24,33,38,39
2011/01/29 5,20,22,35,38
2011/01/31 9,16,21,25,36
2011/02/01 18,23,26,32,39
2011/02/02 6,8,16,22,26
2011/02/03 11,12,22,24,39
2011/02/04 9,17,25,32,37
2011/02/05 8,30,32,37,38
2011/02/07 2,13,19,28,37
2011/02/08 4,19,24,28,35
2011/02/09 5,17,22,36,39
2011/02/10 2,3,10,20,28
2011/02/11 18,26,28,29,39
2011/02/12 12,17,22,26,27
2011/02/14 1,7,19,27,38
2011/02/15 3,11,18,30,37
2011/02/16 2,8,21,22,36
2011/02/17 25,29,33,34,37
2011/02/18 3,6,8,23,24
2011/02/19 8,13,23,26,37
2011/02/21 11,19,26,30,33
2011/02/22 7,26,34,36,38
2011/02/23 1,4,17,24,37
2011/02/24 5,11,14,18,20
2011/02/25 8,13,24,31,38
2011/02/26 4,8,18,22,25
2011/02/28 1,7,17,20,35
2011/03/01 6,30,36,37,38
2011/03/02 7,14,23,27,34
2011/03/03 3,4,7,21,38
2011/03/04 8,12,33,36,39
2011/03/05 2,6,14,33,37
2011/03/07 6,8,10,28,32
2011/03/08 2,11,12,18,36
2011/03/09 7,8,31,32,34
2011/03/10 4,9,24,25,35
2011/03/11 5,9,14,25,38
2011/03/12 13,15,25,28,37
2011/03/14 5,16,19,28,35
2011/03/15 6,9,23,31,39
2011/03/16 9,16,20,33,34
2011/03/17 11,21,23,29,30
2011/03/18 22,33,36,38,39
2011/03/19 2,9,13,25,29
2011/03/21 5,11,14,29,38
2011/03/22 8,18,27,29,39
2011/03/23 5,12,13,14,21
2011/03/24 4,17,18,30,34
2011/03/25 7,22,23,26,39
2011/03/26 2,6,19,23,35
2011/03/28 6,25,27,28,29
2011/03/29 4,18,28,31,35
2011/03/30 1,3,16,27,32
2011/03/31 21,22,29,33,36
2011/04/01 6,7,28,31,36
2011/04/02 2,12,19,33,34
2011/04/04 5,7,18,22,31
2011/04/05 7,10,11,13,39
2011/04/06 11,13,17,20,23
2011/04/07 4,7,21,22,35
2011/04/08 10,13,18,25,33
2011/04/09 5,10,26,28,34
2011/04/11 3,9,21,31,32
2011/04/12 5,12,21,35,37
2011/04/13 6,11,26,30,32
2011/04/14 5,8,24,35,37
2011/04/15 8,11,16,30,37
2011/04/16 5,12,28,30,35
2011/04/18 4,10,24,28,30
2011/04/19 1,15,32,34,38
2011/04/20 2,5,12,15,35
2011/04/21 2,20,31,36,37
2011/04/22 9,11,14,23,26
2011/04/23 16,21,29,30,33
2011/04/25 6,10,14,23,32
2011/04/26 14,15,29,33,38
2011/04/27 2,6,19,38,39
2011/04/28 1,16,24,32,38
2011/04/29 4,27,28,36,38
2011/04/30 2,3,6,24,39
2011/05/02 2,19,24,33,36
2011/05/03 1,5,7,8,37
2011/05/04 2,9,11,24,26
2011/05/05 2,4,15,19,35
2011/05/06 4,9,25,31,32
2011/05/07 11,12,16,21,24
2011/05/09 2,12,24,33,38
2011/05/10 2,22,24,31,36
2011/05/11 3,7,16,35,36
2011/05/12 1,14,18,30,34
2011/05/13 3,6,13,18,23
2011/05/14 2,5,12,26,30
2011/05/16 18,19,20,31,38
2011/05/17 2,3,7,18,27
2011/05/18 9,18,22,33,39
2011/05/19 5,16,26,27,37
2011/05/20 7,21,33,36,37
2011/05/21 12,19,25,29,32
2011/05/23 14,15,17,33,35
2011/05/24 4,25,28,36,39
2011/05/25 2,12,16,36,37
2011/05/26 20,26,34,35,37
2011/05/27 1,12,13,21,25
2011/05/28 4,5,9,34,39
2011/05/30 1,2,11,34,36
2011/05/31 3,8,27,35,39
2011/06/01 5,11,15,29,39
2011/06/02 12,15,23,24,28
2011/06/03 1,15,24,25,30
2011/06/04 22,23,24,34,38
2011/06/06 9,22,31,32,34
2011/06/07 3,5,13,14,17
2011/06/08 13,22,23,29,30
2011/06/09 23,26,28,29,35
2011/06/10 4,16,21,25,36
2011/06/11 8,15,17,29,37
2011/06/13 1,2,9,23,38
2011/06/14 23,25,26,33,36
2011/06/15 13,14,15,26,32
2011/06/16 14,26,29,37,38
2011/06/17 6,16,24,35,38
2011/06/18 2,6,15,21,34
2011/06/20 9,13,14,19,35
2011/06/21 5,7,13,15,31
2011/06/22 19,23,25,34,39
2011/06/23 4,21,27,36,39
2011/06/24 12,23,25,26,33
2011/06/25 14,22,24,32,38
2011/06/27 4,5,12,15,20
2011/06/28 19,22,28,31,39
2011/06/29 1,2,5,27,35
2011/06/30 2,4,7,14,30
2011/07/01 1,2,10,17,28
2011/07/02 3,12,31,34,36
2011/07/04 1,2,6,17,30
2011/07/05 2,5,21,23,36
2011/07/06 2,9,26,34,36
2011/07/07 3,20,28,35,39
2011/07/08 4,8,15,18,38
2011/07/09 9,21,22,25,30
2011/07/11 1,3,12,14,18
2011/07/12 10,14,17,21,31
2011/07/13 9,14,21,32,36
2011/07/14 8,9,18,24,33
2011/07/15 7,13,14,20,33
2011/07/16 8,27,29,32,36
2011/07/18 2,12,14,29,39
2011/07/19 2,14,32,33,39
2011/07/20 16,17,26,31,39
2011/07/21 14,15,20,27,30
2011/07/22 3,5,10,15,37
2011/07/23 5,20,26,27,31
2011/07/25 5,9,14,18,35
2011/07/26 1,17,32,34,36
2011/07/27 20,21,23,26,33
2011/07/28 4,9,27,30,36
2011/07/29 3,4,16,20,27
2011/07/30 1,6,10,13,17
2011/08/01 1,10,12,19,24
2011/08/02 3,13,22,25,39
2011/08/03 3,4,13,14,39
2011/08/04 9,10,33,37,38
2011/08/05 14,18,22,25,33
2011/08/06 14,19,23,24,28
2011/08/08 13,15,18,37,39
2011/08/09 7,14,22,29,35
2011/08/10 16,17,20,22,26
2011/08/11 9,13,14,19,37
2011/08/12 20,29,34,37,39
2011/08/13 4,6,10,18,28
2011/08/15 16,23,33,36,38
2011/08/16 1,10,18,21,22
2011/08/17 3,14,15,20,28
2011/08/18 7,8,16,19,34
2011/08/19 8,11,13,30,38
2011/08/20 2,7,21,24,31
2011/08/22 9,13,26,27,38
2011/08/23 7,14,15,23,30
2011/08/24 13,16,22,35,39
2011/08/25 2,3,5,22,37
2011/08/26 15,22,28,32,36
2011/08/27 1,2,12,29,35
2011/08/29 4,7,11,21,34
2011/08/30 6,8,10,22,36
2011/08/31 6,17,25,34,37
2011/09/01 12,22,32,37,38
2011/09/02 3,4,10,11,18
2011/09/03 19,22,33,34,37
2011/09/05 2,11,22,28,35
2011/09/06 25,30,32,33,34
2011/09/07 9,20,23,27,29
2011/09/08 2,15,17,21,36
2011/09/09 14,18,26,28,36
2011/09/10 2,3,17,23,35
2011/09/12 12,18,22,24,39
2011/09/13 1,4,9,10,16
2011/09/14 13,16,19,23,36
2011/09/15 5,14,19,30,34
2011/09/16 13,18,23,27,38
2011/09/17 4,15,27,28,38
2011/09/19 5,11,22,28,35
2011/09/20 14,16,32,34,37
2011/09/21 4,5,7,15,16
2011/09/22 1,10,20,29,32
2011/09/23 2,7,15,25,34
2011/09/24 19,20,23,29,39
2011/09/26 4,8,14,29,33
2011/09/27 5,7,14,34,35
2011/09/28 7,13,16,27,28
2011/09/29 6,12,14,15,28
2011/09/30 4,14,21,27,37
2011/10/01 2,9,13,23,27
2011/10/03 15,16,22,31,39
2011/10/04 2,12,18,34,38
2011/10/05 17,22,23,33,36
2011/10/06 11,14,19,37,38
2011/10/07 9,12,23,30,33
2011/10/08 7,10,19,27,33
2011/10/10 2,18,20,33,34
2011/10/11 9,15,20,25,29
2011/10/12 4,14,33,34,37
2011/10/13 6,19,31,35,39
2011/10/14 1,17,24,33,34
2011/10/15 11,17,22,26,31
2011/10/17 11,30,33,38,39
2011/10/18 1,13,18,23,26
2011/10/19 15,16,21,23,29
2011/10/20 14,22,23,34,39
2011/10/21 20,21,24,33,37
2011/10/22 2,12,24,35,39
2011/10/24 5,21,27,31,34
2011/10/25 6,11,28,35,39
2011/10/26 1,11,13,22,36
2011/10/27 2,16,24,32,35
2011/10/28 2,11,16,20,27
2011/10/29 3,14,16,25,37
2011/10/31 3,12,16,27,38
2011/11/01 7,8,26,34,37
2011/11/02 10,15,16,23,38
2011/11/03 8,19,21,36,39
2011/11/04 2,21,33,37,38
2011/11/05 2,5,7,18,34
2011/11/07 7,16,34,37,39
2011/11/08 13,16,18,21,27
2011/11/09 12,20,23,27,28
2011/11/10 1,7,8,27,28
2011/11/11 4,11,19,22,33
2011/11/12 14,21,24,33,35
2011/11/14 3,5,10,14,30
2011/11/15 4,8,9,21,38
2011/11/16 12,27,28,29,32
2011/11/17 5,11,19,20,36
2011/11/18 10,26,28,34,37
2011/11/19 5,6,8,9,16
2011/11/21 3,4,9,23,25
2011/11/22 2,4,10,14,21
2011/11/23 2,16,18,28,36
2011/11/24 7,9,20,26,34
2011/11/25 6,9,12,19,30
2011/11/26 12,16,18,22,25
2011/11/28 5,9,15,27,30
2011/11/29 3,7,12,19,37
2011/11/30 5,12,21,22,24
2011/12/01 6,10,13,15,20
2011/12/02 1,12,18,24,37
2011/12/03 5,13,14,32,33
2011/12/05 6,15,26,31,38
2011/12/06 18,19,28,35,38
2011/12/07 12,13,15,29,34
2011/12/08 4,5,19,23,34
2011/12/09 15,24,27,33,35
2011/12/10 8,19,31,35,37
2011/12/12 5,6,7,16,22
2011/12/13 12,13,27,28,32
2011/12/14 5,6,18,20,30
2011/12/15 5,7,22,26,31
2011/12/16 6,13,27,28,29
2011/12/17 1,7,17,20,35
2011/12/19 7,8,17,28,34
2011/12/20 2,5,7,15,17
2011/12/21 2,7,17,25,32
2011/12/22 3,10,19,23,33
2011/12/23 1,10,23,27,32
2011/12/24 23,24,29,35,38
2011/12/26 7,22,27,30,33
2011/12/27 2,4,5,19,36
2011/12/28 3,4,20,24,28
2011/12/29 3,13,16,21,30
2011/12/30 5,15,17,28,38
2011/12/31 8,18,19,26,30
2012/01/02 16,30,31,32,35
2012/01/03 1,14,25,29,36
2012/01/04 3,9,16,25,31
2012/01/05 10,17,21,34,39
2012/01/06 7,8,15,25,29
2012/01/07 3,13,16,24,27
2012/01/09 2,4,10,14,35
2012/01/10 2,5,21,33,39
2012/01/11 6,19,29,38,39
2012/01/12 2,10,13,26,38
2012/01/13 1,4,17,31,35
2012/01/14 9,17,32,34,38
2012/01/16 3,9,18,28,29
2012/01/17 4,17,22,33,37
2012/01/18 4,5,22,27,31
2012/01/19 4,5,13,19,29
2012/01/20 18,23,28,29,30
2012/01/21 6,17,18,33,38
2012/01/23 2,7,18,28,29
2012/01/24 17,20,22,26,37
2012/01/25 9,26,30,35,39
2012/01/26 8,10,18,26,36
2012/01/27 9,16,22,31,37
2012/01/28 2,13,20,22,34
2012/01/30 8,21,32,33,38
2012/01/31 12,23,26,31,34
2012/02/01 4,8,12,32,36
2012/02/02 7,16,21,29,30
2012/02/03 7,8,23,33,39
2012/02/04 12,14,28,32,37
2012/02/06 1,25,26,30,37
2012/02/07 6,10,24,28,36
2012/02/08 3,8,26,32,39
2012/02/09 7,14,16,17,38
2012/02/10 7,8,15,17,37
2012/02/11 1,4,9,15,29
2012/02/13 2,6,7,20,26
2012/02/14 3,4,20,21,22
2012/02/15 2,8,12,16,33
2012/02/16 6,7,13,15,21
2012/02/17 13,17,32,36,39
2012/02/18 9,16,21,37,39
2012/02/20 7,25,27,28,35
2012/02/21 8,10,22,26,27
2012/02/22 3,23,25,30,32
2012/02/23 5,12,16,33,35
2012/02/24 9,24,34,37,38
2012/02/25 22,26,31,35,37
2012/02/27 2,12,18,26,37
2012/02/28 15,20,26,35,38
2012/02/29 6,14,29,30,35
2012/03/01 5,9,10,13,15
2012/03/02 3,10,20,27,38
2012/03/03 1,13,23,25,36
2012/03/05 8,11,15,27,36
2012/03/06 13,18,20,22,23
2012/03/07 3,4,15,19,20
2012/03/08 3,4,9,21,34
2012/03/09 16,22,27,30,36
2012/03/10 10,29,32,34,36
2012/03/12 4,24,29,32,35
2012/03/13 15,16,27,29,38
2012/03/14 6,7,8,10,12
2012/03/15 15,24,25,29,30
2012/03/16 10,20,23,30,36
2012/03/17 12,15,18,23,36
2012/03/19 5,10,26,29,35
2012/03/20 6,10,13,17,25
2012/03/21 22,26,27,32,35
2012/03/22 9,12,13,19,24
2012/03/23 2,3,8,19,30
2012/03/24 8,27,31,32,39
2012/03/26 12,15,24,32,37
2012/03/27 14,15,17,30,32
2012/03/28 12,20,22,31,36
2012/03/29 1,13,18,23,39
2012/03/30 1,2,3,9,38
2012/03/31 8,9,15,21,36
2012/04/02 3,5,13,27,32
2012/04/03 18,19,21,27,30
2012/04/04 11,24,28,37,39
2012/04/05 1,8,9,15,32
2012/04/06 17,21,22,29,36
2012/04/07 4,18,24,29,32
2012/04/09 2,9,13,15,25
2012/04/10 5,17,19,27,33
2012/04/11 4,16,19,22,32
2012/04/12 4,6,13,36,37
2012/04/13 1,15,29,37,38
2012/04/14 3,17,27,28,36
2012/04/16 3,11,13,19,21
2012/04/17 3,9,10,28,33
2012/04/18 24,29,30,33,38
2012/04/19 4,14,19,25,30
2012/04/20 2,11,18,31,33
2012/04/21 2,4,5,13,32
2012/04/23 3,20,25,34,36
2012/04/24 6,11,22,24,30
2012/04/25 13,14,21,31,33
2012/04/26 1,2,8,11,14
2012/04/27 8,15,17,26,32
2012/04/28 4,17,21,29,35
2012/04/30 4,8,9,13,32
2012/05/01 2,4,13,17,29
2012/05/02 3,7,22,24,39
2012/05/03 5,14,25,28,36
2012/05/04 4,8,19,31,38
2012/05/05 8,13,20,27,37
2012/05/07 17,20,22,24,37
2012/05/08 7,16,22,28,31
2012/05/09 14,17,23,25,33
2012/05/10 3,5,6,17,30
2012/05/11 6,18,20,25,38
2012/05/12 4,16,21,34,38
2012/05/14 15,21,24,32,34
2012/05/15 8,14,27,29,34
2012/05/16 3,8,16,20,35
2012/05/17 13,14,21,38,39
2012/05/18 4,11,12,34,38
2012/05/19 12,14,18,28,31
2012/05/21 6,13,19,22,23
2012/05/22 7,9,18,19,37
2012/05/23 6,7,10,37,39
2012/05/24 9,23,24,36,39
2012/05/25 6,10,16,25,32
2012/05/26 14,20,25,29,38
2012/05/28 1,4,5,10,32
2012/05/29 5,7,14,25,33
2012/05/30 5,7,10,20,39
2012/05/31 14,18,23,31,39
2012/06/01 1,11,28,36,38
2012/06/02 1,6,14,16,18
2012/06/04 9,13,17,19,34
2012/06/05 13,18,21,23,35
2012/06/06 1,11,13,25,29
2012/06/07 3,33,34,37,39
2012/06/08 2,3,10,21,27
2012/06/09 2,15,19,23,24
2012/06/11 8,30,34,37,38
2012/06/12 5,13,24,31,35
2012/06/13 1,5,9,17,25
2012/06/14 4,17,28,31,33
2012/06/15 3,4,10,31,38
2012/06/16 7,9,23,32,38
2012/06/18 9,12,14,18,26
2012/06/19 5,8,27,29,30
2012/06/20 5,7,16,23,37
2012/06/21 5,6,10,36,38
2012/06/22 4,8,11,12,16
2012/06/23 1,7,16,25,32
2012/06/25 4,21,28,33,37
2012/06/26 9,10,27,35,39
2012/06/27 1,2,6,21,37
2012/06/28 4,10,25,26,27
2012/06/29 3,16,20,25,37
2012/06/30 3,5,7,27,38
2012/07/02 2,6,10,13,27
2012/07/03 8,9,16,26,30
2012/07/04 5,19,24,28,35
2012/07/05 4,21,26,36,39
2012/07/06 5,24,25,29,36
2012/07/07 1,17,30,34,35
2012/07/09 3,4,13,15,26
2012/07/10 8,10,12,17,34
2012/07/11 6,15,18,34,37
2012/07/12 3,5,12,21,33
2012/07/13 13,15,17,19,21
2012/07/14 5,11,23,32,38
2012/07/16 7,31,33,36,37
2012/07/17 1,11,13,22,37
2012/07/18 4,8,26,28,35
2012/07/19 6,9,14,18,35
2012/07/20 11,22,27,29,31
2012/07/21 5,10,12,30,33
2012/07/23 1,6,16,22,38
2012/07/24 5,7,11,13,29
2012/07/25 22,24,27,34,37
2012/07/26 7,9,14,19,23
2012/07/27 9,14,24,36,37
2012/07/28 15,30,31,32,38
2012/07/30 4,17,23,25,37
2012/07/31 1,13,16,36,37
2012/08/01 8,10,29,33,36
2012/08/02 1,19,34,35,37
2012/08/03 2,18,21,22,28
2012/08/04 1,5,10,13,22
2012/08/06 7,18,29,30,33
2012/08/07 5,9,11,29,32
2012/08/08 11,12,18,33,39
2012/08/09 2,14,32,34,38
2012/08/10 1,5,18,23,28
2012/08/11 15,25,27,28,34
2012/08/13 4,17,28,32,39
2012/08/14 15,18,19,29,37
2012/08/15 4,7,15,19,25
2012/08/16 4,18,21,24,32
2012/08/17 19,20,24,33,38
2012/08/18 4,17,19,20,26
2012/08/20 15,26,32,37,39
2012/08/21 5,18,22,24,29
2012/08/22 1,7,12,25,26
2012/08/23 6,19,21,34,36
2012/08/24 13,19,23,31,39
2012/08/25 11,20,21,29,32
2012/08/27 2,6,14,15,17
2012/08/28 11,14,18,22,29
2012/08/29 2,8,16,37,39
2012/08/30 14,18,32,37,38
2012/08/31 11,23,29,34,37
2012/09/01 16,17,30,32,33
2012/09/03 2,23,27,31,39
2012/09/04 5,18,21,24,25
2012/09/05 5,7,12,18,31
2012/09/06 2,3,21,36,37
2012/09/07 2,3,4,6,25
2012/09/08 7,10,21,25,33
2012/09/10 7,17,26,33,37
2012/09/11 15,17,29,31,37
2012/09/12 1,7,11,19,25
2012/09/13 4,7,20,23,35
2012/09/14 1,13,16,30,39
2012/09/15 4,16,21,31,37
2012/09/17 8,22,28,35,39
2012/09/18 1,4,6,12,26
2012/09/19 2,4,9,10,32
2012/09/20 8,13,18,30,35
2012/09/21 13,15,23,25,36
2012/09/22 1,16,22,24,28
2012/09/24 1,14,15,30,37
2012/09/25 14,16,19,22,29
2012/09/26 2,19,23,32,36
2012/09/27 5,21,26,31,32
2012/09/28 21,25,33,35,37
2012/09/29 7,18,20,29,32
2012/10/01 17,27,32,33,38
2012/10/02 2,3,14,28,32
2012/10/03 2,3,12,14,24
2012/10/04 8,16,24,30,32
2012/10/05 5,8,13,27,34
2012/10/06 17,19,20,23,37
2012/10/08 6,11,13,23,34
2012/10/09 10,11,23,26,37
2012/10/10 13,17,19,27,36
2012/10/11 17,27,32,36,38
2012/10/12 12,19,23,25,31
2012/10/13 1,5,14,17,22
2012/10/15 4,14,15,19,23
2012/10/16 2,15,20,32,39
2012/10/17 9,14,20,22,35
2012/10/18 2,17,28,31,36
2012/10/19 2,8,25,27,32
2012/10/20 16,21,23,35,36
2012/10/22 17,25,26,27,35
2012/10/23 7,9,15,21,30
2012/10/24 5,12,18,27,32
2012/10/25 1,3,10,14,38
2012/10/26 1,6,14,15,34
2012/10/27 14,18,19,23,32
2012/10/29 10,15,18,20,22
2012/10/30 13,20,30,32,35
2012/10/31 11,26,28,34,35
2012/11/01 16,22,30,32,34
2012/11/02 4,15,17,30,31
2012/11/03 4,6,11,16,22
2012/11/05 5,7,23,29,39
2012/11/06 7,16,24,28,35
2012/11/07 4,5,14,28,32
2012/11/08 1,4,5,22,32
2012/11/09 7,8,17,31,33
2012/11/10 2,6,17,28,33
2012/11/12 1,13,17,26,38
2012/11/13 1,10,22,25,29
2012/11/14 3,14,15,23,36
2012/11/15 9,31,34,35,37
2012/11/16 4,12,21,22,31
2012/11/17 4,9,15,27,36
2012/11/19 1,3,6,22,30
2012/11/20 6,11,18,24,36
2012/11/21 12,17,25,32,39
2012/11/22 1,7,8,22,39
2012/11/23 12,16,22,28,31
2012/11/24 3,9,11,13,26
2012/11/26 5,8,17,26,35
2012/11/27 12,18,22,26,27
2012/11/28 8,9,26,36,38
2012/11/29 6,16,30,31,38
2012/11/30 6,11,27,28,37
2012/12/01 2,13,22,33,38
2012/12/03 3,26,27,34,37
2012/12/04 5,16,19,23,39
2012/12/05 1,2,5,12,19
2012/12/06 12,17,26,33,37
2012/12/07 8,13,18,30,31
2012/12/08 6,13,18,31,35
2012/12/10 20,26,34,35,37
2012/12/11 2,13,14,23,29
2012/12/12 2,16,18,24,34
2012/12/13 2,13,19,24,32
2012/12/14 1,10,15,35,36
2012/12/15 11,22,24,27,31
2012/12/17 3,4,25,31,36
2012/12/18 1,2,8,28,35
2012/12/19 13,18,22,29,37
2012/12/20 4,12,17,27,38
2012/12/21 8,18,32,34,37
2012/12/22 3,5,12,29,31
2012/12/24 9,15,20,31,35
2012/12/25 13,19,20,30,32
2012/12/26 8,22,24,27,31
2012/12/27 3,17,24,25,30
2012/12/28 17,26,28,30,38
2012/12/29 8,18,20,28,36
2012/12/31 2,5,15,16,31
2013/01/01 1,16,22,26,33
2013/01/02 1,5,16,29,35
2013/01/03 6,13,20,27,29
2013/01/04 14,16,17,25,33
2013/01/05 2,7,21,26,34
2013/01/07 11,21,31,36,39
2013/01/08 1,3,20,22,31
2013/01/09 17,18,22,31,33
2013/01/10 3,6,21,27,35
2013/01/11 18,24,31,35,39
2013/01/12 2,10,16,25,32
2013/01/14 4,5,6,10,39
2013/01/15 5,12,13,16,24
2013/01/16 1,6,16,17,29
2013/01/17 10,13,21,33,38
2013/01/18 3,19,29,34,37
2013/01/19 3,19,26,33,38
2013/01/21 8,14,17,21,29
2013/01/22 17,20,25,32,39
2013/01/23 5,10,18,24,34
2013/01/24 11,18,27,35,39
2013/01/25 15,16,25,32,37
2013/01/26 4,16,25,30,31
2013/01/28 4,6,9,22,33
2013/01/29 6,13,26,28,34
2013/01/30 6,9,28,38,39
2013/01/31 2,6,10,22,26
2013/02/01 10,14,23,31,39
2013/02/02 5,6,11,20,27
2013/02/04 2,30,33,34,37
2013/02/05 17,21,33,36,38
2013/02/06 13,14,19,21,34
2013/02/07 9,10,21,31,34
2013/02/08 7,8,9,12,36
2013/02/09 1,17,20,25,37
2013/02/11 8,9,34,38,39
2013/02/12 4,6,11,22,35
2013/02/13 1,11,27,28,33
2013/02/14 12,16,19,28,35
2013/02/15 10,18,19,34,36
2013/02/16 4,15,25,34,39
2013/02/18 7,11,15,20,25
2013/02/19 4,19,20,26,39
2013/02/20 3,4,10,20,24
2013/02/21 6,15,16,30,39
2013/02/22 2,23,24,27,38
2013/02/23 4,21,26,30,37
2013/02/25 4,5,7,8,27
2013/02/26 18,26,29,36,38
2013/02/27 1,8,16,30,37
2013/02/28 11,17,27,29,35
2013/03/01 1,3,9,17,19
2013/03/02 4,8,9,15,30
2013/03/04 15,18,23,29,32
2013/03/05 10,24,35,37,39
2013/03/06 4,19,26,36,39
2013/03/07 2,5,7,29,32
2013/03/08 14,15,26,28,39
2013/03/09 7,14,22,34,38
2013/03/11 2,6,21,27,33
2013/03/12 3,14,20,31,33
2013/03/13 1,5,32,34,39
2013/03/14 9,14,17,35,36
2013/03/15 6,9,15,28,39
2013/03/16 19,21,24,35,37
2013/03/18 2,3,23,30,36
2013/03/19 3,8,18,19,29
2013/03/20 2,9,21,23,37
2013/03/21 8,13,22,28,34
2013/03/22 5,13,21,31,32
2013/03/23 6,9,15,38,39
2013/03/25 10,11,17,19,38
2013/03/26 2,14,21,26,36
2013/03/27 12,19,26,27,31
2013/03/28 10,12,28,34,35
2013/03/29 11,21,30,32,39
2013/03/30 6,8,10,14,39
2013/04/01 2,3,12,25,31
2013/04/02 6,8,25,26,27
2013/04/03 11,14,16,21,33
2013/04/04 2,3,14,19,22
2013/04/05 1,3,27,31,32
2013/04/06 11,14,16,30,37
2013/04/08 2,14,17,27,31
2013/04/09 6,18,30,35,36
2013/04/10 2,5,15,18,20
2013/04/11 12,15,16,20,31
2013/04/12 1,9,11,18,34
2013/04/13 2,10,16,27,31
2013/04/15 1,12,17,25,28
2013/04/16 9,11,31,36,37
2013/04/17 3,4,18,25,37
2013/04/18 14,17,20,32,39
2013/04/19 7,10,21,28,37
2013/04/20 3,5,6,13,31
2013/04/22 1,3,10,21,34
2013/04/23 24,31,35,37,38
2013/04/24 9,23,28,31,37
2013/04/25 4,9,19,25,34
2013/04/26 4,11,20,28,35
2013/04/27 8,14,26,36,38
2013/04/29 6,8,18,25,37
2013/04/30 2,3,4,15,16
2013/05/01 3,15,16,34,37
2013/05/02 6,10,12,18,34
2013/05/03 11,13,16,21,34
2013/05/04 6,14,22,25,33
2013/05/06 5,25,31,36,37
2013/05/07 6,20,22,33,38
2013/05/08 2,22,24,37,39
2013/05/09 2,26,33,34,39
2013/05/10 2,8,16,22,35
2013/05/11 3,6,10,22,28
2013/05/13 2,4,10,19,27
2013/05/14 14,17,24,27,30
2013/05/15 6,22,26,34,37
2013/05/16 6,17,24,29,36
2013/05/17 8,18,20,30,36
2013/05/18 1,9,16,18,29
2013/05/20 5,6,10,22,24
2013/05/21 8,18,19,29,34
2013/05/22 7,11,22,30,36
2013/05/23 5,14,21,32,35
2013/05/24 2,11,12,22,31
2013/05/25 6,7,15,20,38
2013/05/27 12,14,22,25,34
2013/05/28 23,34,35,36,37
2013/05/29 19,21,22,32,39
2013/05/30 7,19,21,30,39
2013/05/31 9,27,30,31,32
2013/06/01 4,14,22,32,38
2013/06/03 1,6,11,30,37
2013/06/04 3,10,18,34,39
2013/06/05 2,15,22,33,36
2013/06/06 7,9,21,31,33
2013/06/07 8,10,11,20,21
2013/06/08 4,8,12,20,21
2013/06/10 1,2,10,35,36
2013/06/11 6,10,21,25,30
2013/06/12 1,6,34,37,39
2013/06/13 13,20,22,36,37
2013/06/14 13,24,33,34,39
2013/06/15 13,14,20,24,33
2013/06/17 6,9,12,24,38
2013/06/18 3,7,10,36,39
2013/06/19 3,6,21,23,39
2013/06/20 6,20,23,24,28
2013/06/21 1,12,15,19,32
2013/06/22 10,18,20,36,37
2013/06/24 2,9,13,20,39
2013/06/25 7,14,18,26,32
2013/06/26 2,8,14,31,35
2013/06/27 1,19,20,25,36
2013/06/28 3,9,12,19,23
2013/06/29 6,15,26,34,36
2013/07/01 11,17,25,33,37
2013/07/02 13,20,22,26,34
2013/07/03 2,3,4,10,12
2013/07/04 1,14,19,24,31
2013/07/05 9,10,20,25,26
2013/07/06 1,6,20,33,34
2013/07/08 1,22,24,32,37
2013/07/09 14,21,22,31,34
2013/07/10 17,24,25,35,36
2013/07/11 4,7,16,17,20
2013/07/12 22,27,30,35,37
2013/07/13 1,4,6,23,30
2013/07/15 10,14,16,22,36
2013/07/16 2,4,6,15,39
2013/07/17 1,2,15,31,39
2013/07/18 3,7,11,21,33
2013/07/19 10,14,18,25,36
2013/07/20 21,26,30,33,39
2013/07/22 3,15,22,35,39
2013/07/23 5,15,21,22,34
2013/07/24 1,4,23,26,34
2013/07/25 1,6,17,21,33
2013/07/26 4,5,8,18,39
2013/07/27 11,14,23,30,39
2013/07/29 14,19,27,33,37
2013/07/30 9,14,19,27,31
2013/07/31 7,9,24,27,28
2013/08/01 9,21,27,31,32
2013/08/02 17,22,23,33,37
2013/08/03 6,21,26,36,39
2013/08/05 9,15,26,27,34
2013/08/06 12,18,19,24,36
2013/08/07 7,16,27,30,39
2013/08/08 1,3,12,16,25
2013/08/09 1,5,8,28,34
2013/08/10 2,9,11,19,35
2013/08/12 22,25,30,31,36
2013/08/13 4,10,17,18,25
2013/08/14 1,4,7,8,23
2013/08/15 1,2,8,28,36
2013/08/16 1,6,13,22,29
2013/08/17 2,21,29,34,38
2013/08/19 11,21,25,31,33
2013/08/20 19,25,28,30,31
2013/08/21 11,15,26,31,34
2013/08/22 6,10,11,13,28
2013/08/23 3,14,25,37,39
2013/08/24 1,19,26,27,39
2013/08/26 19,22,24,29,36
2013/08/27 11,15,26,34,39
2013/08/28 1,2,5,24,27
2013/08/29 2,5,8,25,34
2013/08/30 7,18,20,21,37
2013/08/31 5,14,17,20,36
2013/09/02 15,20,21,30,31
2013/09/03 2,4,8,20,34
2013/09/04 12,21,31,34,37
2013/09/05 4,7,13,25,37
2013/09/06 6,9,17,24,34
2013/09/07 8,14,19,25,39
2013/09/09 3,6,23,29,38
2013/09/10 2,16,21,22,29
2013/09/11 9,16,17,34,35
2013/09/12 12,15,18,23,27
2013/09/13 2,8,24,26,39
2013/09/14 9,14,16,27,37
2013/09/16 3,13,19,30,34
2013/09/17 2,3,15,22,25
2013/09/18 14,15,17,29,38
2013/09/19 7,16,20,31,36
2013/09/20 1,15,23,32,39
2013/09/21 11,15,22,23,39
2013/09/23 1,21,22,35,38
2013/09/24 1,3,5,21,28
2013/09/25 8,9,10,18,39
2013/09/26 9,17,29,37,39
2013/09/27 2,3,27,28,36
2013/09/28 5,13,14,23,26
2013/09/30 9,16,17,24,31
2013/10/01 5,6,20,29,38
2013/10/02 3,5,20,23,36
2013/10/03 5,8,13,20,22
2013/10/04 2,14,20,25,35
2013/10/05 7,16,25,37,38
2013/10/07 3,18,24,30,39
2013/10/08 7,15,22,26,28
2013/10/09 19,22,24,32,35
2013/10/10 16,19,20,25,36
2013/10/11 3,18,21,38,39
2013/10/12 7,13,23,26,28
2013/10/14 7,16,30,32,35
2013/10/15 4,8,12,31,32
2013/10/16 1,7,20,26,38
2013/10/17 5,7,14,16,37
2013/10/18 6,14,28,29,38
2013/10/19 1,20,23,25,38
2013/10/21 4,14,29,37,39
2013/10/22 4,20,29,30,38
2013/10/23 9,16,25,35,36
2013/10/24 14,20,31,33,36
2013/10/25 4,14,22,33,35
2013/10/26 9,11,16,27,33
2013/10/28 9,15,17,19,33
2013/10/29 9,15,24,28,29
2013/10/30 9,32,34,38,39
2013/10/31 4,18,26,29,36
2013/11/01 9,13,23,24,30
2013/11/02 12,21,26,29,32
2013/11/04 4,17,22,26,31
2013/11/05 5,7,16,35,37
2013/11/06 3,14,18,22,33
2013/11/07 10,13,19,34,38
2013/11/08 14,15,21,34,39
2013/11/09 22,24,27,36,39
2013/11/11 1,5,19,21,29
2013/11/12 3,13,19,29,31
2013/11/13 17,29,32,33,38
2013/11/14 6,13,15,18,20
2013/11/15 3,8,13,33,37
2013/11/16 2,7,11,17,27
2013/11/18 1,3,6,8,15
2013/11/19 15,22,31,38,39
2013/11/20 13,17,21,33,35
2013/11/21 7,11,20,35,38
2013/11/22 4,5,16,30,39
2013/11/23 17,23,32,35,37
2013/11/25 6,18,20,23,33
2013/11/26 9,22,31,32,34
2013/11/27 4,15,27,37,39
2013/11/28 1,8,10,19,37
2013/11/29 16,21,22,30,39
2013/11/30 14,16,18,21,26
2013/12/02 8,30,34,35,36
2013/12/03 5,6,18,19,29
2013/12/04 18,26,32,33,37
2013/12/05 4,9,21,24,34
2013/12/06 4,20,29,31,32
2013/12/07 18,19,22,24,28
2013/12/09 5,11,15,24,33
2013/12/10 4,12,26,29,30
2013/12/11 4,6,18,25,38
2013/12/12 3,16,20,21,30
2013/12/13 15,18,19,29,32
2013/12/14 20,31,32,33,39
2013/12/16 17,32,33,35,38
2013/12/17 6,14,20,26,35
2013/12/18 2,4,15,27,34
2013/12/19 15,18,20,32,39
2013/12/20 7,13,22,28,32
2013/12/21 3,5,19,29,37
2013/12/23 18,20,27,31,35
2013/12/24 8,12,15,16,27
2013/12/25 3,4,17,33,39
2013/12/26 12,20,26,27,31
2013/12/27 9,11,16,17,35
2013/12/28 5,8,13,20,26
2013/12/30 1,5,12,16,33
2013/12/31 16,19,30,36,38
2014/01/01 5,13,24,26,34
2014/01/02 8,14,19,27,30
2014/01/03 10,27,28,32,37
2014/01/04 5,14,19,25,39
2014/01/06 13,16,17,31,38
2014/01/07 5,6,10,19,23
2014/01/08 4,6,17,28,33
2014/01/09 6,15,17,27,33
2014/01/10 8,13,16,26,39
2014/01/11 6,8,10,19,32
2014/01/13 10,11,13,35,38
2014/01/14 9,16,17,21,34
2014/01/15 3,18,30,31,36
2014/01/16 5,8,9,14,23
2014/01/17 22,24,31,32,37
2014/01/18 2,7,15,21,38
2014/01/20 14,21,31,34,38
2014/01/21 4,7,11,21,27
2014/01/22 19,24,25,29,31
2014/01/23 5,8,16,21,30
2014/01/24 3,21,34,37,38
2014/01/25 2,20,30,31,38
2014/01/27 26,27,28,30,38
2014/01/28 2,5,10,15,19
2014/01/29 17,19,25,37,38
2014/01/30 17,21,23,24,34
2014/01/31 8,19,23,24,35
2014/02/01 21,28,29,31,37
2014/02/03 3,8,16,22,33
2014/02/04 11,18,21,33,37
2014/02/05 28,29,36,38,39
2014/02/06 2,7,20,30,36
2014/02/07 5,13,19,32,38
2014/02/08 2,10,21,22,33
2014/02/10 6,9,11,14,28
2014/02/11 11,13,20,21,28
2014/02/12 11,13,15,16,29
2014/02/13 4,5,6,32,33
2014/02/14 3,8,11,21,37
2014/02/15 4,7,14,21,22
2014/02/17 1,6,10,16,34
2014/02/18 13,16,30,32,38
2014/02/19 2,5,8,17,34
2014/02/20 4,5,15,16,19
2014/02/21 6,7,8,10,37
2014/02/22 13,17,27,37,38
2014/02/24 12,13,27,33,39
2014/02/25 3,4,7,12,22
2014/02/26 6,17,21,35,38
2014/02/27 3,30,31,37,38
2014/02/28 3,20,23,24,26
2014/03/01 5,12,16,30,36
2014/03/03 19,25,26,30,38
2014/03/04 1,2,7,17,25
2014/03/05 1,4,12,13,36
2014/03/06 15,16,22,31,35
2014/03/07 5,16,22,23,38
2014/03/08 9,17,18,22,23
2014/03/10 2,13,22,34,35
2014/03/11 13,23,25,31,38
2014/03/12 14,19,29,31,38
2014/03/13 6,17,24,27,33
2014/03/14 1,14,15,36,38
2014/03/15 6,7,23,25,31
2014/03/17 1,4,10,23,39
2014/03/18 12,14,16,18,35
2014/03/19 2,7,11,12,37
2014/03/20 1,7,17,24,34
2014/03/21 3,8,9,14,39
2014/03/22 8,21,23,26,38
2014/03/24 5,17,27,36,39
2014/03/25 2,6,11,35,38
2014/03/26 2,17,24,34,37
2014/03/27 1,2,7,8,14
2014/03/28 1,2,9,11,39
2014/03/29 11,24,26,29,35
2014/03/31 2,22,23,34,35
2014/04/01 1,10,14,17,34
2014/04/02 4,7,11,20,38
2014/04/03 1,3,12,28,31
2014/04/04 6,9,20,24,34
2014/04/05 4,12,21,25,30
2014/04/07 5,9,11,31,39
2014/04/08 16,19,20,34,35
2014/04/09 7,9,12,16,31
2014/04/10 7,17,20,24,31
2014/04/11 8,11,13,16,21
2014/04/12 14,18,25,34,38
2014/04/14 5,6,15,24,37
2014/04/15 6,9,14,15,36
2014/04/16 1,3,12,29,33
2014/04/17 4,14,18,28,29
2014/04/18 19,27,29,37,38
2014/04/19 4,13,35,36,37
2014/04/21 19,20,27,29,33
2014/04/22 4,9,25,30,39
2014/04/23 7,14,16,26,33
2014/04/24 4,7,16,17,35
2014/04/25 5,7,33,38,39
2014/04/26 8,15,23,24,33
2014/04/28 3,17,19,22,38
2014/04/29 3,8,21,25,33
2014/04/30 5,6,23,26,29
2014/05/01 10,17,22,34,39
2014/05/02 1,8,11,14,38
2014/05/03 3,13,14,23,37
2014/05/05 4,8,13,21,37
2014/05/06 5,6,23,24,39
2014/05/07 12,19,21,36,39
2014/05/08 1,9,27,28,36
2014/05/09 5,25,34,36,39
2014/05/10 1,8,17,36,37
2014/05/12 6,9,11,14,24
2014/05/13 5,6,12,16,31
2014/05/14 3,14,18,28,38
2014/05/15 6,13,21,34,35
2014/05/16 7,9,28,31,33
2014/05/17 3,13,17,25,37
2014/05/19 7,8,18,19,27
2014/05/20 12,19,30,32,35
2014/05/21 5,7,11,20,29
2014/05/22 10,13,29,31,32
2014/05/23 5,16,18,20,21
2014/05/24 2,16,27,37,38
2014/05/26 2,5,12,19,38
2014/05/27 13,27,31,35,39
2014/05/28 2,8,12,20,27
2014/05/29 7,22,23,25,28
2014/05/30 1,7,15,18,31
2014/05/31 9,12,16,26,31
2014/06/02 11,13,26,34,36
2014/06/03 1,3,26,38,39
2014/06/04 4,10,13,29,32
2014/06/05 12,18,24,28,38
2014/06/06 5,7,18,30,34
2014/06/07 4,18,26,27,30
2014/06/09 1,7,16,17,32
2014/06/10 14,15,16,29,31
2014/06/11 1,11,13,17,31
2014/06/12 4,12,14,34,35
2014/06/13 12,19,35,37,38
2014/06/14 11,20,23,37,38
2014/06/16 2,14,16,36,39
2014/06/17 5,12,13,22,36
2014/06/18 4,12,17,23,25
2014/06/19 1,19,30,34,39
2014/06/20 4,10,16,24,25
2014/06/21 2,4,18,20,29
2014/06/23 5,12,19,34,36
2014/06/24 2,15,27,28,38
2014/06/25 4,13,14,30,31
2014/06/26 2,10,11,12,30
2014/06/27 25,32,35,36,39
2014/06/28 2,6,10,20,30
2014/06/30 6,13,30,34,39
2014/07/01 13,23,28,29,31
2014/07/02 8,10,26,34,37
2014/07/03 2,16,19,23,28
2014/07/04 4,9,22,32,35
2014/07/05 9,13,17,18,33
2014/07/07 2,13,15,29,35
2014/07/08 9,11,13,19,30
2014/07/09 1,15,16,17,35
2014/07/10 3,13,20,27,32
2014/07/11 3,23,25,34,37
2014/07/12 5,21,32,33,35
2014/07/14 5,10,15,17,26
2014/07/15 14,19,25,27,28
2014/07/16 14,18,21,26,32
2014/07/17 3,9,11,14,34
2014/07/18 5,9,25,34,36
2014/07/19 3,15,18,27,35
2014/07/21 1,7,13,19,37
2014/07/22 6,27,28,35,38
2014/07/23 2,7,11,12,34
2014/07/24 3,10,13,25,39
2014/07/25 2,10,17,20,29
2014/07/26 2,5,12,17,33
2014/07/28 7,11,25,26,28
2014/07/29 2,4,26,32,35
2014/07/30 12,23,28,37,39
2014/07/31 1,6,20,24,33
2014/08/01 5,9,16,18,31
2014/08/02 5,15,24,26,29
2014/08/04 10,12,20,23,27
2014/08/05 1,11,16,32,39
2014/08/06 6,8,11,15,38
2014/08/07 10,17,18,37,39
2014/08/08 8,18,27,31,34
2014/08/09 13,20,25,28,30
2014/08/11 5,18,20,28,38
2014/08/12 3,14,23,24,37
2014/08/13 12,16,23,30,32
2014/08/14 19,21,29,32,34
2014/08/15 3,7,12,20,39
2014/08/16 6,10,16,22,26
2014/08/18 9,18,19,20,35
2014/08/19 12,15,32,34,38
2014/08/20 9,15,26,37,39
2014/08/21 10,23,29,34,36
2014/08/22 3,4,18,37,38
2014/08/23 8,9,11,17,30
2014/08/25 3,10,13,23,34
2014/08/26 15,19,28,36,39
2014/08/27 10,17,18,23,34
2014/08/28 5,10,22,24,36
2014/08/29 4,5,11,16,20
2014/08/30 20,23,25,26,37
2014/09/01 2,11,15,25,33
2014/09/02 16,19,24,31,38
2014/09/03 10,17,25,33,34
2014/09/04 13,14,15,27,30
2014/09/05 13,15,20,32,37
2014/09/06 14,18,31,34,38
2014/09/08 4,17,20,30,39
2014/09/09 2,7,19,25,39
2014/09/10 3,10,11,16,17
2014/09/11 18,20,23,32,35
2014/09/12 3,13,17,20,31
2014/09/13 8,24,27,31,37
2014/09/15 5,13,14,16,18
2014/09/16 13,17,23,35,36
2014/09/17 1,10,15,26,38
2014/09/18 1,15,22,23,38
2014/09/19 7,10,12,18,36
2014/09/20 3,13,15,27,36
2014/09/22 3,4,5,7,37
2014/09/23 5,7,8,9,17
2014/09/24 17,28,29,30,38
2014/09/25 13,14,27,28,39
2014/09/26 4,26,28,38,39
2014/09/27 5,12,14,15,23
2014/09/29 2,3,16,22,27
2014/09/30 5,8,14,27,28
2014/10/01 12,17,22,37,38
2014/10/02 4,17,36,37,39
2014/10/03 4,5,23,35,36
2014/10/04 5,14,16,22,33
2014/10/06 20,21,25,27,36
2014/10/07 4,5,19,20,22
2014/10/08 2,5,6,17,32
2014/10/09 9,13,18,23,32
2014/10/10 11,19,31,35,36
2014/10/11 5,6,9,10,22
2014/10/13 4,14,21,27,35
2014/10/14 5,14,21,33,35
2014/10/15 6,9,18,29,30
2014/10/16 1,12,26,29,32
2014/10/17 18,19,24,35,37
2014/10/18 9,14,23,31,36
2014/10/20 4,9,23,32,33
2014/10/21 2,6,19,22,33
2014/10/22 15,19,28,29,39
2014/10/23 3,5,14,18,19
2014/10/24 7,12,25,33,37
2014/10/25 5,10,27,31,39
2014/10/27 2,3,5,23,37
2014/10/28 5,10,27,29,30
2014/10/29 7,15,18,20,34
2014/10/30 8,9,14,31,34
2014/10/31 6,11,18,27,38
2014/11/01 11,17,34,36,37
2014/11/03 5,12,28,29,34
2014/11/04 9,11,16,36,37
2014/11/05 3,8,29,34,38
2014/11/06 5,13,26,27,28
2014/11/07 13,17,27,34,36
2014/11/08 16,20,24,26,38
2014/11/10 11,19,25,37,39
2014/11/11 8,13,20,30,34
2014/11/12 5,6,9,12,20
2014/11/13 8,21,27,30,37
2014/11/14 1,4,19,22,33
2014/11/15 16,21,25,27,37
2014/11/17 8,16,18,19,31
2014/11/18 14,19,23,25,26
2014/11/19 23,27,29,32,36
2014/11/20 7,11,25,30,38
2014/11/21 2,24,36,37,38
2014/11/22 5,9,10,22,25
2014/11/24 10,18,25,26,39
2014/11/25 3,8,14,32,37
2014/11/26 4,5,7,15,36
2014/11/27 2,14,19,20,35
2014/11/28 23,26,30,34,39
2014/11/29 2,16,18,23,30
2014/12/01 10,12,20,27,37
2014/12/02 17,19,22,24,37
2014/12/03 9,20,21,23,35
2014/12/04 11,16,18,19,28
2014/12/05 14,16,20,25,36
2014/12/06 1,14,18,32,37
2014/12/08 2,8,24,27,35
2014/12/09 4,9,13,21,32
2014/12/10 3,11,30,33,39
2014/12/11 11,13,32,33,37
2014/12/12 3,17,24,36,38
2014/12/13 17,22,25,35,37
2014/12/15 17,20,23,26,35
2014/12/16 4,21,22,24,34
2014/12/17 2,4,25,26,36
2014/12/18 4,5,16,23,32
2014/12/19 10,15,17,22,27
2014/12/20 4,15,17,21,22
2014/12/22 6,8,17,27,29
2014/12/23 11,18,21,30,38
2014/12/24 8,19,24,33,36
2014/12/25 16,21,26,28,29
2014/12/26 7,27,31,33,34
2014/12/27 11,16,28,32,34
2014/12/29 7,19,20,26,39
2014/12/30 4,5,21,24,26
2014/12/31 5,19,26,30,33
2015/01/01 10,11,21,26,32
2015/01/02 7,9,18,28,30
2015/01/03 9,14,28,31,32
2015/01/05 9,10,16,24,28
2015/01/06 16,19,20,26,36
2015/01/07 12,13,14,36,37
2015/01/08 12,15,21,26,29
2015/01/09 1,8,9,11,17
2015/01/10 4,12,26,31,37
2015/01/12 7,15,24,34,37
2015/01/13 12,13,26,33,39
2015/01/14 5,12,19,30,35
2015/01/15 9,11,12,17,34
2015/01/16 5,9,16,28,33
2015/01/17 4,13,23,32,39
2015/01/19 10,12,29,37,38
2015/01/20 2,14,17,28,32
2015/01/21 2,16,18,32,35
2015/01/22 1,11,15,24,32
2015/01/23 6,7,8,10,16
2015/01/24 5,7,12,13,15
2015/01/26 1,2,9,10,21
2015/01/27 9,16,17,21,28
2015/01/28 1,5,17,27,30
2015/01/29 2,6,9,10,26
2015/01/30 5,13,28,29,36
2015/01/31 4,6,16,35,37
2015/02/02 13,17,23,29,39
2015/02/03 9,17,22,23,29
2015/02/04 1,13,28,35,36
2015/02/05 7,10,20,23,36
2015/02/06 2,14,25,30,31
2015/02/07 4,6,16,21,31
2015/02/09 12,25,26,28,39
2015/02/10 7,15,17,22,25
2015/02/11 5,6,15,23,29
2015/02/12 2,7,20,25,32
2015/02/13 1,4,16,23,33
2015/02/14 4,5,8,20,33
2015/02/16 2,14,20,27,31
2015/02/17 1,4,17,22,29
2015/02/18 7,12,17,25,30
2015/02/19 3,12,21,26,30
2015/02/20 9,10,15,19,24
2015/02/21 2,15,18,26,31
2015/02/23 4,23,24,25,38
2015/02/24 11,12,14,23,27
2015/02/25 5,11,25,26,38
2015/02/26 8,18,29,36,39
2015/02/27 1,12,16,30,33
2015/02/28 8,9,11,23,28
2015/03/02 10,15,19,23,27
2015/03/03 23,32,33,35,36
2015/03/04 3,11,20,29,35
2015/03/05 9,20,26,31,38
2015/03/06 1,2,10,11,26
2015/03/07 3,16,17,31,33
2015/03/09 12,16,20,28,38
2015/03/10 17,26,34,36,37
2015/03/11 10,15,29,33,37
2015/03/12 3,13,18,21,31
2015/03/13 29,30,31,32,33
2015/03/14 6,11,15,38,39
2015/03/16 3,15,18,19,35
2015/03/17 3,16,34,37,38
2015/03/18 6,21,26,27,32
2015/03/19 13,31,34,35,36
2015/03/20 6,10,17,22,27
2015/03/21 1,5,8,10,28
2015/03/23 3,7,13,16,30
2015/03/24 1,3,19,26,35
2015/03/25 5,7,19,32,36
2015/03/26 5,11,16,23,25
2015/03/27 5,9,12,27,29
2015/03/28 6,11,18,21,33
2015/03/30 3,12,22,26,34
2015/03/31 12,20,23,30,33
2015/04/01 1,2,5,7,36
2015/04/02 1,18,24,28,35
2015/04/03 11,12,13,33,38
2015/04/04 2,9,12,18,35
2015/04/06 10,12,18,21,27
2015/04/07 12,23,25,26,30
2015/04/08 5,11,13,22,37
2015/04/09 15,20,22,30,37
2015/04/10 3,9,14,18,30
2015/04/11 8,17,25,33,37
2015/04/13 1,3,10,12,34
2015/04/14 2,9,13,34,36
2015/04/15 6,17,32,33,38
2015/04/16 6,7,12,14,24
2015/04/17 4,12,24,36,39
2015/04/18 7,18,21,30,32
2015/04/20 1,5,7,14,17
2015/04/21 1,5,7,13,39
2015/04/22 12,16,21,34,35
2015/04/23 5,9,22,31,35
2015/04/24 2,17,19,29,33
2015/04/25 27,29,31,37,38
2015/04/27 12,13,17,22,32
2015/04/28 2,12,13,16,39
2015/04/29 1,7,24,29,38
2015/04/30 1,5,6,15,28
2015/05/01 4,5,11,13,18
2015/05/02 18,21,23,35,37
2015/05/04 6,11,21,25,28
2015/05/05 12,17,28,30,33
2015/05/06 3,15,17,23,27
2015/05/07 13,17,21,23,31
2015/05/08 1,14,16,33,35
2015/05/09 3,10,24,26,38
2015/05/11 9,12,17,18,24
2015/05/12 20,26,27,38,39
2015/05/13 7,9,20,23,33
2015/05/14 16,17,31,36,37
2015/05/15 6,16,23,28,32
2015/05/16 3,4,27,31,34
2015/05/18 4,16,25,26,35
2015/05/19 1,2,14,16,23
2015/05/20 5,6,7,12,27
2015/05/21 2,5,22,24,26
2015/05/22 16,17,18,27,30
2015/05/23 3,23,24,27,33
2015/05/25 11,12,23,28,30
2015/05/26 9,21,22,35,37
2015/05/27 4,6,11,36,37
2015/05/28 9,16,18,26,34
2015/05/29 8,10,27,35,36
2015/05/30 4,17,19,24,37
2015/06/01 2,10,20,28,39
2015/06/02 2,5,23,32,37
2015/06/03 13,18,22,29,32
2015/06/04 7,10,18,19,20
2015/06/05 5,17,24,29,37
2015/06/06 2,6,22,26,39
2015/06/08 5,23,28,31,32
2015/06/09 21,26,35,38,39
2015/06/10 5,29,30,32,34
2015/06/11 1,17,20,26,27
2015/06/12 10,16,28,30,31
2015/06/13 3,4,10,14,18
2015/06/15 4,27,35,37,39
2015/06/16 1,21,30,38,39
2015/06/17 8,13,14,16,30
2015/06/18 1,14,23,30,31
2015/06/19 11,12,23,24,26
2015/06/20 3,13,23,32,33
2015/06/22 6,12,14,29,30
2015/06/23 10,14,20,26,27
2015/06/24 8,14,24,29,39
2015/06/25 6,8,19,26,29
2015/06/26 1,4,10,33,39
2015/06/27 9,12,20,30,39
2015/06/29 17,22,25,31,35
2015/06/30 7,10,16,26,34
2015/07/01 2,3,11,28,38
2015/07/02 5,11,18,19,30
2015/07/03 9,14,17,25,33
2015/07/04 18,23,29,33,36
2015/07/06 3,14,24,33,39
2015/07/07 5,23,25,28,36
2015/07/08 10,12,13,34,38
2015/07/09 5,23,27,29,32
2015/07/10 1,2,14,15,25
2015/07/11 3,6,11,16,23
2015/07/13 1,14,16,24,29
2015/07/14 8,15,32,33,37
2015/07/15 20,26,28,34,39
2015/07/16 9,21,26,37,39
2015/07/17 3,8,15,23,26
2015/07/18 16,21,27,36,38
2015/07/20 10,31,35,37,38
2015/07/21 3,11,15,18,39
2015/07/22 4,14,19,20,37
2015/07/23 19,29,30,31,39
2015/07/24 5,19,27,28,31
2015/07/25 2,9,14,17,26
2015/07/27 3,5,9,13,30
2015/07/28 11,12,14,29,32
2015/07/29 8,21,32,33,35
2015/07/30 10,18,25,28,29
2015/07/31 14,16,32,36,38
2015/08/01 9,10,22,27,32
2015/08/03 1,15,20,21,24
2015/08/04 5,10,17,29,37
2015/08/05 5,10,27,30,31
2015/08/06 1,9,18,27,39
2015/08/07 2,4,23,25,36
2015/08/08 6,10,11,20,39
2015/08/10 5,24,26,27,30
2015/08/11 5,7,9,13,35
2015/08/12 9,11,23,26,32
2015/08/13 8,12,13,31,38
2015/08/14 4,6,16,17,33
2015/08/15 3,10,15,19,31
2015/08/17 6,15,28,30,31
2015/08/18 4,13,17,30,34
2015/08/19 1,4,35,36,39
2015/08/20 3,12,15,24,25
2015/08/21 17,19,25,28,38
2015/08/22 5,11,22,25,28
2015/08/24 8,22,25,28,33
2015/08/25 4,6,7,30,35
2015/08/26 10,17,22,24,30
2015/08/27 10,20,22,30,33
2015/08/28 4,6,18,20,29
2015/08/29 6,26,27,29,36
2015/08/31 2,11,33,34,36
2015/09/01 17,23,28,29,31
2015/09/02 2,12,27,28,31
2015/09/03 2,4,6,14,18
2015/09/04 7,12,13,24,32
2015/09/05 15,16,19,23,36
2015/09/07 20,21,23,25,36
2015/09/08 8,13,18,34,39
2015/09/09 8,13,21,24,38
2015/09/10 6,13,18,34,39
2015/09/11 3,13,27,34,39
2015/09/12 1,10,28,30,34
2015/09/14 1,5,7,14,24
2015/09/15 2,8,22,25,36
2015/09/16 2,3,25,26,39
2015/09/17 9,18,25,27,38
2015/09/18 1,2,23,27,30
2015/09/19 6,18,22,33,37
2015/09/21 1,10,18,27,31
2015/09/22 2,4,11,22,30
2015/09/23 8,9,16,31,33
2015/09/24 4,15,18,37,39
2015/09/25 2,21,23,35,37
2015/09/26 3,8,29,33,38
2015/09/28 1,3,25,29,32
2015/09/29 5,12,15,29,32
2015/09/30 9,19,21,22,36
2015/10/01 2,7,19,21,39
2015/10/02 1,4,13,20,35
2015/10/03 2,13,25,26,31
2015/10/05 7,8,14,17,34
2015/10/06 3,14,17,19,24
2015/10/07 7,11,28,36,38
2015/10/08 10,15,33,34,39
2015/10/09 7,10,12,26,39
2015/10/10 19,27,28,30,39
2015/10/12 10,20,25,37,39
2015/10/13 8,14,22,31,39
2015/10/14 2,4,10,22,36
2015/10/15 10,12,20,23,31
2015/10/16 22,31,32,33,39
2015/10/17 3,19,25,37,39
2015/10/19 10,22,24,34,37
2015/10/20 1,7,23,25,28
2015/10/21 1,6,19,23,25
2015/10/22 14,15,22,30,33
2015/10/23 8,11,19,23,39
2015/10/24 6,15,18,21,37
2015/10/26 1,6,15,16,36
2015/10/27 9,13,21,28,32
2015/10/28 8,12,14,21,39
2015/10/29 7,20,24,26,27
2015/10/30 4,25,28,29,35
2015/10/31 1,4,9,16,31
2015/11/02 3,7,22,33,34
2015/11/03 4,27,37,38,39
2015/11/04 18,19,25,31,37
2015/11/05 6,11,23,32,38
2015/11/06 3,18,22,27,35
2015/11/07 3,13,14,25,37
2015/11/09 1,11,17,20,38
2015/11/10 2,3,11,31,39
2015/11/11 1,6,15,22,33
2015/11/12 8,10,11,13,21
2015/11/13 9,11,13,26,30
2015/11/14 1,5,7,21,29
2015/11/16 1,8,15,25,31
2015/11/17 10,11,13,23,25
2015/11/18 2,11,12,16,31
2015/11/19 8,13,27,33,39
2015/11/20 3,4,17,32,34
2015/11/21 9,12,15,22,35
2015/11/23 4,13,22,25,34
2015/11/24 3,9,10,35,37
2015/11/25 2,6,9,19,22
2015/11/26 2,3,10,20,27
2015/11/27 13,20,21,30,39
2015/11/28 3,10,12,28,37
2015/11/30 6,13,15,19,34
2015/12/01 4,14,19,20,23
2015/12/02 6,8,16,33,37
2015/12/03 5,10,12,21,24
2015/12/04 6,10,19,28,34
2015/12/05 11,12,14,36,38
2015/12/07 10,21,30,34,38
2015/12/08 14,24,27,36,39
2015/12/09 2,16,21,22,23
2015/12/10 5,8,32,36,38
2015/12/11 10,23,24,26,37
2015/12/12 4,7,8,28,39
2015/12/14 1,5,17,26,34
2015/12/15 7,28,30,36,38
2015/12/16 13,18,21,30,36
2015/12/17 1,15,26,34,37
2015/12/18 4,7,18,30,34
2015/12/19 1,13,20,22,32
2015/12/21 7,10,14,15,23
2015/12/22 4,8,16,31,34
2015/12/23 1,3,11,23,39
2015/12/24 9,14,21,26,28
2015/12/25 16,22,26,30,32
2015/12/26 1,8,19,20,24
2015/12/28 3,5,23,34,37
2015/12/29 10,17,22,38,39
2015/12/30 9,14,26,34,35
2015/12/31 7,18,22,35,38
2016/01/01 1,2,14,15,16
2016/01/02 9,17,25,28,29
2016/01/04 3,6,7,12,15
2016/01/05 19,20,24,36,37
2016/01/06 3,5,25,31,36
2016/01/07 2,4,8,9,23
2016/01/08 6,10,25,28,31
2016/01/09 5,7,16,18,29
2016/01/11 9,14,24,25,38
2016/01/12 4,17,23,31,39
2016/01/13 2,13,20,24,39
2016/01/14 6,11,23,24,35
2016/01/15 1,4,5,8,37
2016/01/16 5,20,26,31,36
2016/01/18 4,12,16,18,23
2016/01/19 4,5,8,21,34
2016/01/20 12,16,18,21,24
2016/01/21 1,8,16,21,37
2016/01/22 3,18,27,31,35
2016/01/23 6,9,10,18,37
2016/01/25 11,16,23,29,30
2016/01/26 7,9,18,19,33
2016/01/27 4,9,10,19,36
2016/01/28 5,7,13,27,29
2016/01/29 6,8,20,29,32
2016/01/30 4,5,20,21,29
2016/02/01 15,17,21,23,35
2016/02/02 2,6,15,20,38
2016/02/03 6,7,17,35,39
2016/02/04 17,18,26,29,36
2016/02/05 15,31,32,34,35
2016/02/06 1,13,20,37,39
2016/02/08 8,21,24,28,33
2016/02/09 2,10,34,35,38
2016/02/10 7,8,12,35,36
2016/02/11 11,17,27,30,33
2016/02/12 10,14,17,30,39
2016/02/13 1,2,15,17,25
2016/02/15 5,6,30,33,39
2016/02/16 25,30,33,34,35
2016/02/17 6,16,20,34,37
2016/02/18 18,22,27,36,38
2016/02/19 2,3,8,25,32
2016/02/20 1,3,4,27,38
2016/02/22 14,17,33,34,36
2016/02/23 2,17,27,28,31
2016/02/24 10,12,20,23,35
2016/02/25 14,20,34,36,37
2016/02/26 3,10,15,25,28
2016/02/27 5,6,9,18,20
2016/02/29 2,4,9,26,36
2016/03/01 13,18,21,22,30
2016/03/02 1,9,13,27,31
2016/03/03 5,14,18,22,23
2016/03/04 6,8,15,29,37
2016/03/05 1,10,16,22,39
2016/03/07 3,6,14,20,26
2016/03/08 3,29,30,32,38
2016/03/09 5,13,36,38,39
2016/03/10 22,27,30,31,34
2016/03/11 2,16,25,28,33
2016/03/12 23,26,30,35,37
2016/03/14 11,15,25,28,33
2016/03/15 15,26,32,38,39
2016/03/16 28,30,32,33,38
2016/03/17 6,27,28,32,37
2016/03/18 6,10,20,23,35
2016/03/19 6,7,22,29,39
2016/03/21 3,6,8,14,18
2016/03/22 2,12,14,29,32
2016/03/23 2,7,17,19,27
2016/03/24 1,7,10,35,37
2016/03/25 12,14,18,22,30
2016/03/26 5,8,9,15,17
2016/03/28 3,10,19,28,32
2016/03/29 2,3,9,20,30
2016/03/30 2,4,5,27,33
2016/03/31 11,12,25,33,36
2016/04/01 2,19,20,24,25
2016/04/02 7,12,15,21,22
2016/04/04 5,18,32,38,39
2016/04/05 20,21,22,23,34
2016/04/06 4,6,9,11,35
2016/04/07 4,13,23,25,29
2016/04/08 1,13,18,19,21
2016/04/09 8,10,16,35,38
2016/04/11 1,6,18,24,32
2016/04/12 2,15,16,19,31
2016/04/13 3,5,17,18,24
2016/04/14 11,15,31,32,39
2016/04/15 5,14,15,22,36
2016/04/16 7,8,11,25,38
2016/04/18 6,7,9,20,33
2016/04/19 1,13,17,21,25
2016/04/20 9,16,19,28,34
2016/04/21 2,7,10,20,23
2016/04/22 5,6,8,23,33
2016/04/23 5,21,28,37,38
2016/04/25 1,22,27,29,30
2016/04/26 1,3,19,28,37
2016/04/27 3,5,11,14,34
2016/04/28 9,10,20,22,28
2016/04/29 7,15,21,22,38
2016/04/30 10,13,22,29,30
2016/05/02 8,13,16,21,36
2016/05/03 1,5,7,9,11
2016/05/04 8,13,17,31,32
2016/05/05 2,11,29,34,38
2016/05/06 19,22,35,36,38
2016/05/07 4,20,24,25,35
2016/05/09 1,4,17,18,24
2016/05/10 13,28,33,36,39
2016/05/11 2,7,27,33,38
2016/05/12 8,12,21,27,33
2016/05/13 3,5,21,26,29
2016/05/14 14,15,18,23,34
2016/05/16 14,17,27,28,34
2016/05/17 7,8,9,27,33
2016/05/18 9,16,19,25,26
2016/05/19 7,21,24,34,39
2016/05/20 4,9,23,31,36
2016/05/21 10,22,26,35,38
2016/05/23 14,17,27,32,36
2016/05/24 15,17,25,33,34
2016/05/25 1,4,13,32,33
2016/05/26 4,11,21,24,28
2016/05/27 2,5,8,10,22
2016/05/28 15,25,31,35,36
2016/05/30 3,9,17,26,27
2016/05/31 1,4,10,17,38
2016/06/01 15,16,21,23,39
2016/06/02 2,5,8,9,24
2016/06/03 7,25,27,28,35
2016/06/04 9,11,16,20,28
2016/06/06 4,5,13,15,37
2016/06/07 15,20,25,29,35
2016/06/08 7,15,23,31,34
2016/06/09 6,11,17,33,36
2016/06/10 18,21,26,30,33
2016/06/11 1,25,29,31,35
2016/06/13 2,5,6,9,10
2016/06/14 2,6,17,21,23
2016/06/15 5,16,31,35,38
2016/06/16 1,3,14,16,25
2016/06/17 7,12,18,22,33
2016/06/18 15,20,23,36,38
2016/06/20 17,18,25,28,37
2016/06/21 6,14,21,32,34
2016/06/22 4,11,16,31,32
2016/06/23 9,10,11,12,15
2016/06/24 5,10,11,16,23
2016/06/25 10,16,18,28,29
2016/06/27 13,26,29,31,33
2016/06/28 3,5,7,20,29
2016/06/29 4,10,13,31,38
2016/06/30 4,15,18,32,38
2016/07/01 7,14,25,27,36
2016/07/02 3,15,20,28,37
2016/07/04 9,28,32,36,37
2016/07/05 9,10,17,19,25
2016/07/06 8,11,31,32,34
2016/07/07 9,17,19,25,27
2016/07/08 24,25,26,29,32
2016/07/09 10,12,17,21,27
2016/07/11 8,9,11,20,35
2016/07/12 5,22,30,37,39
2016/07/13 1,2,5,17,25
2016/07/14 1,25,29,34,39
2016/07/15 7,16,25,32,33
2016/07/16 9,10,17,34,39
2016/07/18 6,19,25,28,38
2016/07/19 11,12,21,23,38
2016/07/20 1,11,15,27,33
2016/07/21 2,22,30,33,36
2016/07/22 2,4,10,18,30
2016/07/23 2,7,9,10,12
2016/07/25 8,14,22,25,27
2016/07/26 1,9,10,27,39
2016/07/27 2,14,21,32,34
2016/07/28 2,3,9,26,31
2016/07/29 3,27,32,35,39
2016/07/30 11,17,19,23,29
2016/08/01 5,9,22,23,38
2016/08/02 5,10,22,23,31
2016/08/03 11,22,25,32,36
2016/08/04 12,16,19,25,31
2016/08/05 3,11,24,35,36
2016/08/06 1,2,3,11,34
2016/08/08 3,12,30,36,37
2016/08/09 5,11,19,27,29
2016/08/10 14,15,28,29,30
2016/08/11 2,11,14,21,34
2016/08/12 4,9,18,26,34
2016/08/13 4,6,12,16,39
2016/08/15 16,24,29,30,36
2016/08/16 2,4,20,28,32
2016/08/17 11,13,18,19,39
2016/08/18 20,21,24,28,39
2016/08/19 4,11,13,20,35
2016/08/20 1,5,17,28,32
2016/08/22 4,9,15,22,27
2016/08/23 5,21,24,25,27
2016/08/24 1,13,35,38,39
2016/08/25 1,12,13,22,29
2016/08/26 7,10,18,35,36
2016/08/27 2,25,28,34,35
2016/08/29 10,13,17,28,36
2016/08/30 8,15,16,21,26
2016/08/31 8,9,17,21,37
2016/09/01 5,7,11,16,26
2016/09/02 4,5,6,19,30
2016/09/03 8,14,18,23,30
2016/09/05 8,11,28,30,33
2016/09/06 4,20,30,32,35
2016/09/07 2,14,15,27,37
2016/09/08 2,7,26,32,37
2016/09/09 11,16,18,23,30
2016/09/10 11,17,25,31,37
2016/09/12 6,12,21,26,29
2016/09/13 4,10,26,31,32
2016/09/14 11,15,16,29,38
2016/09/15 7,19,21,25,35
2016/09/16 6,8,12,13,29
2016/09/17 2,4,12,17,22
2016/09/19 7,16,18,24,35
2016/09/20 4,21,25,37,39
2016/09/21 5,9,11,20,29
2016/09/22 4,10,17,25,31
2016/09/23 5,8,9,20,24
2016/09/24 4,20,25,27,33
2016/09/26 10,14,20,31,32
2016/09/27 7,11,12,18,38
2016/09/28 10,11,14,27,38
2016/09/29 6,10,12,16,23
2016/09/30 18,20,32,34,35
2016/10/01 3,10,12,15,19
2016/10/03 4,17,19,24,30
2016/10/04 12,21,28,35,39
2016/10/05 9,15,22,27,32
2016/10/06 1,17,25,26,35
2016/10/07 6,8,15,16,19
2016/10/08 7,15,22,27,37
2016/10/10 16,20,31,35,38
2016/10/11 8,13,26,35,36
2016/10/12 2,7,21,22,35
2016/10/13 4,11,17,22,24
2016/10/14 2,12,15,21,22
2016/10/15 7,21,22,31,32
2016/10/17 9,11,27,34,39
2016/10/18 7,17,22,35,39
2016/10/19 3,15,17,22,27
2016/10/20 5,19,25,33,37
2016/10/21 3,15,28,33,34
2016/10/22 13,16,31,36,37
2016/10/24 8,10,19,27,31
2016/10/25 3,9,12,26,29
2016/10/26 1,10,25,32,34
2016/10/27 16,23,27,33,39
2016/10/28 12,20,28,30,32
2016/10/29 11,15,19,21,28
2016/10/31 1,3,13,17,31
2016/11/01 2,15,22,27,32
2016/11/02 17,28,29,36,38
2016/11/03 3,6,9,14,39
2016/11/04 31,32,34,37,38
2016/11/05 3,15,18,22,38
2016/11/07 10,22,30,32,34
2016/11/08 4,13,17,26,36
2016/11/09 1,7,12,26,32
2016/11/10 3,5,9,17,35
2016/11/11 5,8,13,15,20
2016/11/12 10,12,15,29,32
2016/11/14 2,16,19,25,29
2016/11/15 13,19,28,32,37
2016/11/16 5,12,23,29,33
2016/11/17 6,16,23,25,26
2016/11/18 1,13,20,24,33
2016/11/19 5,12,16,20,37
2016/11/21 8,16,17,22,30
2016/11/22 4,5,20,25,34
2016/11/23 2,8,16,20,29
2016/11/24 10,16,20,25,38
2016/11/25 7,12,17,22,31
2016/11/26 1,12,24,34,37
2016/11/28 8,9,18,19,36
2016/11/29 5,12,17,19,34
2016/11/30 4,14,22,25,33
2016/12/01 1,4,7,14,30
2016/12/02 16,17,32,33,36
2016/12/03 7,9,16,20,22
2016/12/05 7,8,13,21,39
2016/12/06 6,12,21,24,32
2016/12/07 7,12,17,18,31
2016/12/08 1,7,9,13,16
2016/12/09 5,22,24,32,33
2016/12/10 1,8,26,37,38
2016/12/12 2,8,18,22,39
2016/12/13 2,6,17,20,38
2016/12/14 8,15,34,36,37
2016/12/15 17,19,20,25,35
2016/12/16 2,10,13,20,39
2016/12/17 1,6,8,15,20
2016/12/19 2,12,17,23,33
2016/12/20 11,15,18,28,34
2016/12/21 2,3,8,19,27
2016/12/22 7,18,22,24,30
2016/12/23 6,8,20,32,37
2016/12/24 9,11,15,17,18
2016/12/26 3,6,7,29,30
2016/12/27 16,19,28,30,31
2016/12/28 9,12,18,20,26
2016/12/29 15,25,30,37,39
2016/12/30 11,13,29,36,38
2016/12/31 14,18,21,26,34
2017/01/02 6,10,14,15,22
2017/01/03 2,8,13,21,29
2017/01/04 7,9,11,22,37
2017/01/05 24,25,26,27,33
2017/01/06 2,6,11,12,38
2017/01/07 8,12,14,18,35
2017/01/09 9,16,24,27,30
2017/01/10 4,9,20,31,33
2017/01/11 7,9,10,15,24
2017/01/12 11,20,22,31,34
2017/01/13 4,18,22,24,34
2017/01/14 5,6,7,14,27
2017/01/16 4,5,23,30,33
2017/01/17 16,18,19,28,33
2017/01/18 9,20,21,36,37
2017/01/19 2,11,17,26,29
2017/01/20 8,11,26,35,36
2017/01/21 8,15,17,21,33
2017/01/23 4,13,26,30,37
2017/01/24 26,28,31,33,34
2017/01/25 7,8,18,26,29
2017/01/26 5,23,29,31,36
2017/01/27 1,3,6,12,37
2017/01/28 7,8,10,29,39
2017/01/30 4,8,11,22,37
2017/01/31 1,6,8,9,18
2017/02/01 7,13,15,17,25
2017/02/02 4,5,20,30,32
2017/02/03 18,19,25,27,36
2017/02/04 3,7,8,9,35
2017/02/06 10,24,26,29,36
2017/02/07 1,8,11,24,34
2017/02/08 6,8,24,38,39
2017/02/09 2,3,17,29,38
2017/02/10 5,17,22,27,32
2017/02/11 2,15,17,20,25
2017/02/13 5,8,15,20,21
2017/02/14 1,7,9,14,20
2017/02/15 18,20,26,27,32
2017/02/16 2,3,16,23,34
2017/02/17 2,8,10,18,31
2017/02/18 4,6,9,16,37
2017/02/20 2,15,23,29,34
2017/02/21 12,16,25,26,28
2017/02/22 7,17,23,30,37
2017/02/23 4,6,12,14,38
2017/02/24 6,28,31,33,35
2017/02/25 7,14,17,24,38
2017/02/27 4,25,27,34,37
2017/02/28 4,12,14,16,17
2017/03/01 1,9,20,34,35
2017/03/02 13,20,29,32,36
2017/03/03 7,9,19,21,22
2017/03/04 10,11,24,28,29
2017/03/06 10,11,12,13,28
2017/03/07 3,9,11,33,34
2017/03/08 7,8,19,24,28
2017/03/09 2,6,23,26,38
2017/03/10 8,10,12,30,34
2017/03/11 1,18,25,27,32
2017/03/13 5,12,23,28,33
2017/03/14 4,12,22,29,35
2017/03/15 17,21,31,33,35
2017/03/16 2,4,32,34,37
2017/03/17 1,8,14,15,38
2017/03/18 5,7,10,25,38
2017/03/20 1,18,27,29,39
2017/03/21 6,24,31,34,36
2017/03/22 3,6,8,9,27
2017/03/23 10,26,29,36,39
2017/03/24 6,11,15,32,35
2017/03/25 8,27,30,35,38
2017/03/27 2,11,15,19,27
2017/03/28 4,13,16,27,38
2017/03/29 5,8,19,23,24
2017/03/30 3,4,20,30,39
2017/03/31 17,18,19,22,39
2017/04/01 5,7,21,24,27
2017/04/03 8,19,21,23,35
2017/04/04 25,26,27,29,36
2017/04/05 12,15,19,20,30
2017/04/06 6,9,21,35,36
2017/04/07 7,20,23,25,32
2017/04/08 16,21,26,36,39
2017/04/10 15,22,23,27,32
2017/04/11 15,21,25,38,39
2017/04/12 3,23,25,27,34
2017/04/13 10,29,30,35,38
2017/04/14 2,19,21,32,36
2017/04/15 15,19,22,24,28
2017/04/17 10,11,14,26,31
2017/04/18 9,18,23,30,34
2017/04/19 4,9,11,22,35
2017/04/20 17,21,35,36,37
2017/04/21 15,19,23,30,34
2017/04/22 1,11,16,35,38
2017/04/24 3,29,34,35,39
2017/04/25 1,9,12,16,31
2017/04/26 3,13,18,34,35
2017/04/27 6,8,11,26,38
2017/04/28 15,16,22,32,35
2017/04/29 11,16,22,31,33
2017/05/01 16,24,31,33,36
2017/05/02 4,11,16,19,33
2017/05/03 7,18,22,26,35
2017/05/04 11,16,22,23,38
2017/05/05 4,11,14,20,21
2017/05/06 5,7,16,35,36
2017/05/08 22,24,35,36,38
2017/05/09 2,8,19,27,33
2017/05/10 5,6,27,34,39
2017/05/11 4,7,26,27,33
2017/05/12 2,7,15,38,39
2017/05/13 6,13,14,22,38
2017/05/15 2,9,16,25,34
2017/05/16 4,11,13,23,31
2017/05/17 15,17,28,29,30
2017/05/18 5,7,12,32,36
2017/05/19 6,9,10,24,25
2017/05/20 10,17,20,22,29
2017/05/22 2,3,12,16,27
2017/05/23 8,12,25,27,31
2017/05/24 7,9,21,25,36
2017/05/25 2,5,30,36,37
2017/05/26 4,11,25,27,32
2017/05/27 9,25,31,33,34
2017/05/29 22,26,30,36,38
2017/05/30 10,11,20,35,39
2017/05/31 1,5,8,28,33
2017/06/01 6,10,14,17,34
2017/06/02 3,5,7,22,26
2017/06/03 6,14,19,25,39
2017/06/05 1,16,19,26,28
2017/06/06 8,23,25,29,33
2017/06/07 15,19,29,30,33
2017/06/08 12,14,19,23,26
2017/06/09 4,7,31,38,39
2017/06/10 14,16,26,27,28
2017/06/12 6,11,12,19,22
2017/06/13 1,2,9,20,22
2017/06/14 3,6,25,30,37
2017/06/15 2,11,16,25,38
2017/06/16 17,28,31,34,37
2017/06/17 4,15,17,26,39
2017/06/19 13,31,33,34,39
2017/06/20 14,16,21,35,39
2017/06/21 4,10,18,20,26
2017/06/22 3,22,24,26,32
2017/06/23 4,6,7,19,29
2017/06/24 5,7,19,27,31
2017/06/26 4,5,19,23,26
2017/06/27 12,14,17,19,21
2017/06/28 2,13,34,36,37
2017/06/29 18,21,25,27,31
2017/06/30 5,11,28,30,35
2017/07/01 7,8,15,21,25
2017/07/03 11,17,20,32,36
2017/07/04 12,15,19,29,36
2017/07/05 8,10,12,32,34
2017/07/06 3,16,21,26,36
2017/07/07 2,15,16,18,25
2017/07/08 4,9,14,22,26
2017/07/10 4,13,19,20,24
2017/07/11 5,14,20,25,36
2017/07/12 3,5,29,36,37
2017/07/13 7,14,21,35,37
2017/07/14 15,16,23,28,32
2017/07/15 2,5,14,32,33
2017/07/17 8,10,14,23,36
2017/07/18 1,9,33,37,39
2017/07/19 4,20,22,29,33
2017/07/20 6,10,15,23,30
2017/07/21 2,5,22,31,37
2017/07/22 9,11,24,30,34
2017/07/24 2,16,19,24,27
2017/07/25 9,24,27,28,29
2017/07/26 11,20,27,29,37
2017/07/27 3,14,20,34,38
2017/07/28 16,25,35,37,38
2017/07/29 5,18,30,33,36
2017/07/31 8,13,17,35,37
2017/08/01 11,13,16,17,21
2017/08/02 13,15,17,18,21
2017/08/03 27,30,32,35,38
2017/08/04 8,14,20,33,38
2017/08/05 5,10,18,26,28
2017/08/07 3,10,12,13,38
2017/08/08 4,8,17,29,36
2017/08/09 9,12,29,30,32
2017/08/10 12,14,23,26,36
2017/08/11 2,3,10,20,30
2017/08/12 2,20,23,28,30
2017/08/14 14,18,25,26,32
2017/08/15 4,13,17,33,39
2017/08/16 2,4,7,18,36
2017/08/17 1,8,15,20,37
2017/08/18 6,8,16,28,29
2017/08/19 9,13,23,29,34
2017/08/21 8,12,15,35,36
2017/08/22 7,24,31,34,35
2017/08/23 26,30,31,32,38
2017/08/24 19,27,29,31,32
2017/08/25 11,16,27,33,36
2017/08/26 6,9,12,25,35
2017/08/28 7,11,14,32,34
2017/08/29 3,21,22,30,38
2017/08/30 12,17,21,30,38
2017/08/31 1,8,12,38,39
2017/09/01 5,15,19,23,24
2017/09/02 4,10,18,19,37
2017/09/04 5,21,27,29,34
2017/09/05 5,6,7,36,38
2017/09/06 5,8,28,33,35
2017/09/07 12,13,27,30,31
2017/09/08 5,10,15,33,36
2017/09/09 5,19,24,25,31
2017/09/11 1,3,26,28,37
2017/09/12 9,10,17,22,26
2017/09/13 11,28,30,31,39
2017/09/14 16,17,21,30,32
2017/09/15 4,7,12,28,35
2017/09/16 2,4,21,28,35
2017/09/18 3,25,32,33,34
2017/09/19 4,6,7,8,31
2017/09/20 7,19,25,37,38
2017/09/21 4,5,8,10,37
2017/09/22 4,10,12,16,21
2017/09/23 6,7,18,32,37
2017/09/25 3,8,18,27,36
2017/09/26 2,15,24,25,30
2017/09/27 10,29,30,31,35
2017/09/28 4,23,26,32,33
2017/09/29 2,4,8,13,23
2017/09/30 1,4,6,27,38
2017/10/02 8,15,18,19,25
2017/10/03 11,14,16,21,30
2017/10/04 6,11,17,26,32
2017/10/05 17,19,21,24,37
2017/10/06 3,11,28,29,33
2017/10/07 5,20,26,29,34
2017/10/09 5,7,10,14,15
2017/10/10 13,21,28,37,38
2017/10/11 8,17,19,20,30
2017/10/12 23,26,28,32,36
2017/10/13 7,15,24,34,37
2017/10/14 2,13,35,36,39
2017/10/16 22,28,30,35,38
2017/10/17 6,24,31,32,35
2017/10/18 6,9,18,31,32
2017/10/19 16,20,28,33,34
2017/10/20 2,7,16,29,33
2017/10/21 12,17,26,27,34
2017/10/23 3,11,25,30,36
2017/10/24 8,14,15,20,25
2017/10/25 3,17,23,27,31
2017/10/26 13,17,18,27,35
2017/10/27 2,3,7,19,22
2017/10/28 2,10,12,14,21
2017/10/30 2,15,21,31,36
2017/10/31 1,3,5,9,37
2017/11/01 1,13,18,35,38
2017/11/02 2,5,10,19,38
2017/11/03 4,12,13,28,36
2017/11/04 4,6,11,22,28
2017/11/06 17,20,23,24,28
2017/11/07 3,6,13,25,29
2017/11/08 5,13,19,20,21
2017/11/09 2,14,18,31,37
2017/11/10 9,16,19,22,29
2017/11/11 9,21,24,28,32
2017/11/13 2,5,8,14,25
2017/11/14 1,2,14,20,37
2017/11/15 2,11,15,26,33
2017/11/16 8,26,31,33,38
2017/11/17 5,11,12,24,29
2017/11/18 13,14,20,29,34
2017/11/20 17,24,27,30,34
2017/11/21 1,6,7,18,36
2017/11/22 17,21,24,30,33
2017/11/23 4,17,22,26,27
2017/11/24 7,11,22,26,37
2017/11/25 8,9,22,31,36
2017/11/27 1,5,23,35,38
2017/11/28 5,16,21,24,25
2017/11/29 4,13,14,16,29
2017/11/30 1,22,30,31,39
2017/12/01 11,21,23,24,25
2017/12/02 3,5,17,23,37
2017/12/04 8,17,18,24,39
2017/12/05 2,20,21,29,34
2017/12/06 4,19,20,28,34
2017/12/07 6,8,10,19,38
2017/12/08 4,5,10,22,30
2017/12/09 9,17,34,35,39
2017/12/11 16,17,18,28,34
2017/12/12 6,9,21,23,39
2017/12/13 11,12,21,22,33
2017/12/14 8,19,25,26,38
2017/12/15 14,27,30,36,37
2017/12/16 14,19,29,30,37
2017/12/18 1,3,7,18,34
2017/12/19 4,8,11,25,27
2017/12/20 7,10,18,34,38
2017/12/21 3,18,24,28,32
2017/12/22 1,6,14,29,34
2017/12/23 15,19,21,24,30
2017/12/25 5,11,21,33,38
2017/12/26 7,11,17,18,35
2017/12/27 3,30,34,35,37
2017/12/28 7,10,20,33,39
2017/12/29 4,8,10,15,30
2017/12/30 5,18,20,35,36
2018/01/01 1,14,18,19,24
2018/01/02 2,7,9,12,39
2018/01/03 2,3,6,10,18
2018/01/04 10,14,21,25,26
2018/01/05 4,8,12,17,30
2018/01/06 4,7,13,31,39
2018/01/08 2,22,28,32,34
2018/01/09 1,23,26,28,36
2018/01/10 2,6,7,13,32
2018/01/11 3,7,11,12,29
2018/01/12 1,6,11,16,37
2018/01/13 6,9,13,27,34
2018/01/15 5,6,9,15,36
2018/01/16 7,12,13,15,23
2018/01/17 7,9,12,25,26
2018/01/18 8,23,29,35,37
2018/01/19 3,5,14,15,20
2018/01/20 12,23,25,26,28
2018/01/22 14,23,32,34,35
2018/01/23 1,4,7,29,33
2018/01/24 23,27,30,36,37
2018/01/25 6,7,14,22,36
2018/01/26 2,17,19,24,27
2018/01/27 3,23,29,34,39
2018/01/29 19,22,24,31,37
2018/01/30 8,10,15,17,31
2018/01/31 1,2,13,22,39
2018/02/01 13,15,20,22,37
2018/02/02 1,10,13,16,20
2018/02/03 12,21,24,31,34
2018/02/05 5,17,22,23,24
2018/02/06 10,12,17,24,35
2018/02/07 3,25,26,30,31
2018/02/08 1,5,24,30,34
2018/02/09 5,7,31,32,39
2018/02/10 14,17,19,21,39
2018/02/12 4,11,14,16,28
2018/02/13 10,19,20,23,33
2018/02/14 2,7,12,17,39
2018/02/15 2,5,11,18,28
2018/02/16 1,2,8,18,31
2018/02/17 1,3,13,24,38
2018/02/19 7,13,25,33,38
2018/02/20 2,6,8,23,36
2018/02/21 3,13,27,28,34
2018/02/22 1,6,14,18,24
2018/02/23 2,5,15,17,31
2018/02/24 4,9,25,26,32
2018/02/26 7,12,33,35,37
2018/02/27 9,12,14,17,32
2018/02/28 2,14,25,31,36
2018/03/01 4,8,20,31,39
2018/03/02 10,22,25,27,37
2018/03/03 5,14,16,27,36
2018/03/05 15,24,27,30,35
2018/03/06 11,14,24,27,32
2018/03/07 1,8,15,32,39
2018/03/08 10,15,24,29,38
2018/03/09 1,13,18,25,29
2018/03/10 6,7,11,14,27
2018/03/12 1,2,8,33,35
2018/03/13 4,6,9,33,36
2018/03/14 2,21,25,30,31
2018/03/15 2,4,22,30,32
2018/03/16 2,15,16,28,37
2018/03/17 8,14,26,36,39
2018/03/19 7,16,19,36,37
2018/03/20 7,8,25,29,32
2018/03/21 5,8,22,26,36
2018/03/22 4,6,11,31,36
2018/03/23 6,21,33,34,38
2018/03/24 2,14,17,23,24
2018/03/26 2,7,23,32,39
2018/03/27 1,6,14,35,38
2018/03/28 15,23,25,30,36
2018/03/29 13,19,23,28,31
2018/03/30 9,14,21,32,33
2018/03/31 4,9,19,27,28
2018/04/02 8,14,18,23,32
2018/04/03 6,8,10,21,32
2018/04/04 7,20,23,26,38
2018/04/05 12,16,27,31,37
2018/04/06 1,15,21,35,38
2018/04/07 5,6,7,10,20
2018/04/09 12,27,32,34,36
2018/04/10 7,13,25,28,32
2018/04/11 8,16,27,29,30
2018/04/12 3,10,14,20,23
2018/04/13 2,8,22,27,39
2018/04/14 9,22,32,34,39
2018/04/16 5,7,8,21,22
2018/04/17 1,7,13,30,32
2018/04/18 12,16,29,30,39
2018/04/19 1,6,18,21,39
2018/04/20 12,23,24,25,39
2018/04/21 4,12,13,15,37
2018/04/23 4,10,16,36,38
2018/04/24 3,5,11,18,19
2018/04/25 4,7,10,15,26
2018/04/26 3,4,6,36,39
2018/04/27 10,17,29,31,37
2018/04/28 1,5,13,22,28
2018/04/30 1,15,21,26,32
2018/05/01 2,15,35,36,38
2018/05/02 5,19,27,35,38
2018/05/03 12,19,25,28,33
2018/05/04 2,3,4,24,39
2018/05/05 8,15,20,21,35
2018/05/07 2,7,16,18,37
2018/05/08 11,26,32,34,39
2018/05/09 2,14,19,20,29
2018/05/10 3,16,19,20,25
2018/05/11 4,22,25,31,32
2018/05/12 13,26,33,34,38
2018/05/14 12,20,23,33,39
2018/05/15 4,6,18,24,31
2018/05/16 15,17,27,28,30
2018/05/17 5,15,24,28,35
2018/05/18 9,12,16,29,35
2018/05/19 17,24,25,34,36
2018/05/21 20,21,23,29,30
2018/05/22 5,8,18,29,31
2018/05/23 8,14,24,30,35
2018/05/24 3,8,16,19,21
2018/05/25 3,4,13,23,30
2018/05/26 5,16,23,24,33
2018/05/28 3,5,7,16,37
2018/05/29 15,20,25,27,30
2018/05/30 5,16,25,29,34
2018/05/31 15,19,24,25,39
2018/06/01 11,16,21,34,38
2018/06/02 9,10,24,34,38
2018/06/04 6,18,23,31,37
2018/06/05 2,10,15,23,24
2018/06/06 4,15,22,30,34
2018/06/07 2,5,11,14,22
2018/06/08 20,22,26,31,36
2018/06/09 5,16,18,30,33
2018/06/11 1,10,20,36,37
2018/06/12 18,21,23,31,36
2018/06/13 2,5,19,22,26
2018/06/14 1,14,17,27,29
2018/06/15 9,10,16,27,37
2018/06/16 19,20,26,31,34
2018/06/18 4,8,16,33,36
2018/06/19 4,10,12,28,30
2018/06/20 1,16,28,31,33
2018/06/21 10,13,24,26,37
2018/06/22 9,13,14,17,20
2018/06/23 6,19,20,29,37
2018/06/25 6,22,30,37,38
2018/06/26 3,4,19,25,30
2018/06/27 8,16,17,21,37
2018/06/28 12,17,24,25,37
2018/06/29 5,7,25,34,36
2018/06/30 12,33,36,38,39
2018/07/02 11,16,21,24,34
2018/07/03 9,16,19,20,37
2018/07/04 19,21,22,23,34
2018/07/05 8,14,18,27,33
2018/07/06 13,16,17,20,25
2018/07/07 6,11,12,29,34
2018/07/09 15,17,18,22,23
2018/07/10 4,7,9,10,20
2018/07/11 4,10,12,14,20
2018/07/12 2,12,29,35,38
2018/07/13 12,16,19,24,32
2018/07/14 11,17,28,33,37
2018/07/16 9,13,30,32,34
2018/07/17 20,22,27,31,32
2018/07/18 5,8,15,19,23
2018/07/19 15,22,26,32,33
2018/07/20 5,8,12,26,31
2018/07/21 2,3,8,18,34
2018/07/23 1,7,18,33,34
2018/07/24 2,3,23,25,35
2018/07/25 8,11,12,24,30
2018/07/26 1,5,16,28,38
2018/07/27 7,15,26,33,39
2018/07/28 10,12,23,28,37
2018/07/30 4,14,18,27,28
2018/07/31 5,18,21,35,37
2018/08/01 5,17,18,26,29
2018/08/02 18,26,29,36,37
2018/08/03 5,7,9,15,37
2018/08/04 1,31,32,35,38
2018/08/06 13,14,16,34,37
2018/08/07 2,12,23,28,31
2018/08/08 2,10,23,27,33
2018/08/09 9,10,17,21,23
2018/08/10 6,7,8,19,27
2018/08/11 11,14,22,24,34
2018/08/13 5,12,25,28,32
2018/08/14 13,17,23,26,37
2018/08/15 7,14,16,17,39
2018/08/16 3,8,9,22,23
2018/08/17 3,7,13,21,22
2018/08/18 14,16,20,22,26
2018/08/20 3,10,15,22,28
2018/08/21 9,14,20,34,38
2018/08/22 1,12,31,32,36
2018/08/23 4,8,11,36,38
2018/08/24 15,17,21,27,29
2018/08/25 12,13,15,29,36
2018/08/27 6,15,21,26,29
2018/08/28 3,11,26,33,36
2018/08/29 5,15,16,34,38
2018/08/30 1,13,21,24,36
2018/08/31 2,4,6,14,18
2018/09/01 4,10,20,26,34
2018/09/03 8,28,33,35,36
2018/09/04 7,13,17,28,38
2018/09/05 1,5,31,37,39
2018/09/06 2,10,11,25,37
2018/09/07 19,23,27,31,32
2018/09/08 2,19,21,25,31
2018/09/10 2,21,24,25,37
2018/09/11 13,20,28,29,37
2018/09/12 4,15,28,33,38
2018/09/13 1,9,21,25,35
2018/09/14 2,3,12,20,39
2018/09/15 5,20,22,24,27
2018/09/17 8,11,22,23,26
2018/09/18 7,9,15,24,25
2018/09/19 1,4,24,26,32
2018/09/20 14,24,28,31,39
2018/09/21 1,2,12,27,34
2018/09/22 4,9,25,31,34
2018/09/24 9,21,22,28,38
2018/09/25 5,7,20,38,39
2018/09/26 2,26,32,34,38
2018/09/27 14,16,19,23,27
2018/09/28 11,19,21,24,25
2018/09/29 9,12,25,28,37
2018/10/01 4,11,23,25,36
2018/10/02 9,21,27,33,34
2018/10/03 3,15,26,30,38
2018/10/04 14,17,23,28,30
2018/10/05 15,18,20,28,29
2018/10/06 1,7,8,13,28
2018/10/08 7,25,29,32,36
2018/10/09 4,9,14,15,21
2018/10/10 2,9,14,22,37
2018/10/11 14,16,27,32,35
2018/10/12 24,25,26,35,38
2018/10/13 11,16,22,27,36
2018/10/15 19,28,34,38,39
2018/10/16 1,5,19,29,39
2018/10/17 1,23,30,37,39
2018/10/18 1,5,7,13,34
2018/10/19 2,6,14,25,26
2018/10/20 6,18,30,36,37
2018/10/22 8,17,21,24,28
2018/10/23 1,3,18,22,35
2018/10/24 6,29,31,32,39
2018/10/25 8,15,19,27,36
2018/10/26 7,21,22,36,38
2018/10/27 6,18,19,31,32
2018/10/29 14,17,20,34,38
2018/10/30 6,12,20,25,35
2018/10/31 12,13,15,25,28
2018/11/01 14,26,28,31,37
2018/11/02 1,23,25,26,34
2018/11/03 10,12,19,24,32
2018/11/05 1,17,26,33,37
2018/11/06 5,18,21,30,31
2018/11/07 6,10,13,19,31
2018/11/08 4,7,16,31,35
2018/11/09 10,27,30,33,35
2018/11/10 4,9,18,32,38
2018/11/12 3,6,18,25,38
2018/11/13 6,11,12,25,37
2018/11/14 16,25,29,32,35
2018/11/15 4,10,14,18,22
2018/11/16 1,13,17,33,38
2018/11/17 2,4,13,14,16
2018/11/19 2,8,10,19,36
2018/11/20 15,27,28,30,31
2018/11/21 19,24,27,31,39
2018/11/22 2,6,8,13,25
2018/11/23 8,17,18,33,34
2018/11/24 1,2,7,31,39
2018/11/26 4,13,17,19,35
2018/11/27 8,16,25,33,36
2018/11/28 4,6,20,23,37
2018/11/29 3,5,12,26,29
2018/11/30 4,7,12,37,39
2018/12/01 1,4,8,12,14
2018/12/03 12,18,19,28,29
2018/12/04 2,14,25,33,39
2018/12/05 4,10,16,17,31
2018/12/06 9,18,22,24,38
2018/12/07 12,14,15,29,32
2018/12/08 2,22,23,27,38
2018/12/10 9,16,20,31,34
2018/12/11 3,5,22,29,34
2018/12/12 12,14,21,22,25
2018/12/13 2,15,17,27,35
2018/12/14 19,27,33,35,36
2018/12/15 1,12,24,26,38
2018/12/17 4,5,7,25,36
2018/12/18 4,16,18,23,34
2018/12/19 8,20,23,28,36
2018/12/20 6,7,10,16,32
2018/12/21 3,4,12,30,33
2018/12/22 6,10,14,18,38
2018/12/24 9,10,20,27,39
2018/12/25 3,4,8,34,39
2018/12/26 12,14,22,23,26
2018/12/27 11,29,30,32,34
2018/12/28 10,12,14,34,37
2018/12/29 1,10,29,34,38
2018/12/31 7,11,21,27,30
2019/01/01 12,30,33,36,38
2019/01/02 4,5,9,18,39
2019/01/03 5,19,21,24,28
2019/01/04 6,8,21,29,37
2019/01/05 9,10,14,23,36
2019/01/07 4,8,20,33,34
2019/01/08 6,11,13,26,37
2019/01/09 2,21,27,34,35
2019/01/10 1,6,26,27,30
2019/01/11 4,8,18,38,39
2019/01/12 5,15,17,22,37
